/*--------------------------------*- C++ -*----------------------------------*\
  =========                 |
  \\      /  F ield         | OpenFOAM: The Open Source CFD Toolbox
   \\    /   O peration     | Website:  https://openfoam.org
    \\  /    A nd           | Version:  6
     \\/     M anipulation  |
\*---------------------------------------------------------------------------*/
FoamFile
{
    version     2.0;
    format      ascii;
    class       cellSet;
    location    "constant/polyMesh/sets";
    object      inlets;
}
// * * * * * * * * * * * * * * * * * * * * * * * * * * * * * * * * * * * * * //


10171
(
196608 
131072 
196609 
131073 
196610 
196611 
196612 
131077 
196613 
196614 
131078 
196615 
131079 
196616 
131080 
131081 
196617 
196618 
131082 
196619 
131083 
196620 
131084 
196621 
98323 
98324 
196629 
98325 
196630 
98326 
196631 
98327 
196632 
196633 
98329 
196634 
98330 
196635 
98331 
196636 
98332 
196637 
98333 
196638 
98334 
196639 
196640 
196641 
196642 
196643 
196644 
196645 
196646 
196647 
131113 
131114 
131115 
131116 
131117 
196654 
131118 
196655 
131119 
196656 
131120 
196657 
131121 
196658 
131122 
196659 
131123 
196660 
131124 
196661 
196662 
196663 
131127 
196664 
196665 
131129 
196666 
196667 
131131 
196668 
196669 
196670 
131134 
196671 
196672 
131136 
196673 
131137 
196674 
131138 
196675 
131139 
196676 
131140 
196677 
131141 
196678 
98374 
196679 
98375 
196680 
98376 
196681 
98377 
196682 
98378 
196683 
98379 
196684 
98380 
196685 
98381 
196686 
98382 
196687 
98383 
196688 
196689 
196690 
196691 
196693 
196695 
196696 
196697 
196698 
196699 
196700 
196701 
196702 
196703 
196704 
196705 
196706 
196707 
196708 
196709 
196710 
196711 
196712 
196713 
196714 
196715 
196716 
196717 
196718 
196719 
196720 
196721 
131185 
196722 
196723 
196724 
131188 
196725 
131189 
196726 
196727 
131191 
98423 
196728 
98424 
196729 
98425 
196730 
131194 
98426 
196731 
131195 
196732 
131196 
196733 
131197 
196734 
131198 
196735 
131199 
196736 
131200 
196737 
131201 
131202 
196739 
131203 
131204 
196741 
131205 
131206 
196743 
131207 
196744 
131208 
196745 
196746 
131210 
196747 
131211 
196748 
196749 
131214 
196750 
196751 
196752 
131216 
196753 
196754 
131218 
196755 
196756 
196757 
196758 
196759 
131223 
196760 
131224 
196761 
131225 
196762 
131226 
196763 
131227 
131228 
196764 
196765 
131229 
196766 
131230 
196767 
131231 
196768 
131232 
98465 
196769 
131233 
196770 
131234 
196771 
131235 
196772 
131236 
196773 
131237 
196774 
131238 
196775 
131239 
196776 
131240 
196777 
131241 
196778 
131242 
196779 
131243 
131244 
196780 
196781 
131245 
196782 
196783 
131247 
131248 
196784 
196785 
131249 
196786 
196787 
131251 
196788 
196789 
131253 
131254 
196790 
196791 
131255 
196792 
196793 
131257 
196794 
131258 
196795 
131259 
196796 
131260 
196797 
131261 
196798 
131262 
196799 
131263 
196800 
131264 
196801 
131265 
196802 
131266 
196803 
131268 
196804 
196805 
131269 
196806 
131271 
196807 
196808 
131272 
131273 
196809 
196810 
196811 
131275 
196812 
131276 
196813 
196814 
196815 
131279 
196816 
131281 
196817 
196818 
131282 
196819 
131283 
196820 
196821 
131286 
196822 
196823 
196824 
131288 
131289 
196825 
196826 
196827 
196828 
196829 
196830 
196831 
196832 
196833 
196834 
196835 
196836 
196837 
196838 
196839 
196840 
196841 
131305 
196842 
131306 
196843 
196844 
196845 
196846 
131310 
196847 
196848 
196849 
196850 
131315 
196852 
131316 
131317 
196854 
131318 
131319 
131320 
131321 
131322 
196859 
131323 
131324 
196862 
131326 
196863 
196864 
131328 
196865 
131330 
196867 
131332 
196869 
196870 
131334 
196871 
196872 
131336 
196874 
131338 
131339 
196876 
131340 
131341 
131342 
131343 
131344 
131345 
131346 
131349 
131350 
131367 
131369 
196905 
196906 
131370 
196907 
131371 
196908 
196909 
196910 
196911 
131375 
196912 
131376 
196913 
196914 
196915 
131379 
196916 
131380 
196917 
196918 
196919 
196920 
196921 
196922 
196923 
196924 
196925 
196926 
196927 
196928 
196929 
196930 
196931 
196932 
131396 
196933 
131397 
196935 
196936 
131400 
196937 
131401 
131402 
196939 
131403 
196940 
131404 
131405 
196942 
131406 
131407 
196944 
131408 
196946 
131410 
131412 
131414 
131416 
131418 
131420 
131422 
131423 
131424 
131427 
131429 
196968 
131432 
131434 
196971 
131435 
196973 
196974 
196975 
196978 
196980 
196981 
196989 
131453 
196990 
196991 
131455 
196992 
131456 
196993 
196994 
196995 
131459 
196996 
131460 
196997 
196998 
131462 
196999 
131463 
197000 
197001 
197002 
131466 
197003 
131467 
197004 
197005 
197006 
197007 
131471 
197008 
131472 
197009 
131473 
131474 
131475 
131476 
131477 
131478 
131479 
131480 
197017 
197018 
131482 
197019 
131484 
197021 
131486 
197023 
197024 
131488 
197025 
131489 
197026 
131490 
197028 
131492 
197030 
131494 
131495 
131496 
131497 
131498 
131499 
131500 
131501 
131502 
131503 
131504 
131505 
131506 
131507 
131509 
131510 
131511 
131513 
131515 
131516 
131517 
131519 
131520 
131521 
131522 
131523 
131525 
131526 
131528 
131544 
131545 
131547 
131552 
131555 
131556 
131557 
131560 
131561 
197102 
197104 
197106 
197108 
197109 
197110 
197111 
197112 
197113 
197114 
131578 
197115 
197116 
197117 
131581 
197118 
131582 
197119 
197120 
197121 
197122 
197123 
197124 
197125 
197126 
197127 
197128 
197129 
197130 
197131 
197132 
197133 
197134 
197135 
197136 
131600 
131601 
197138 
197140 
131604 
197141 
131605 
197142 
131606 
131608 
197144 
197145 
197146 
197147 
131611 
197148 
197149 
197150 
197151 
131615 
197152 
197153 
197154 
197155 
197156 
197157 
197158 
197159 
197160 
197161 
197162 
197163 
197164 
197165 
197166 
197167 
131631 
197168 
197169 
131634 
197170 
197171 
131635 
197172 
197174 
131638 
131639 
197176 
131641 
197178 
131643 
197180 
197181 
131645 
197182 
197183 
131647 
197184 
197185 
131649 
197186 
197187 
131651 
197188 
197189 
131653 
197190 
131654 
197191 
131655 
197192 
131656 
197193 
131657 
197194 
131658 
197195 
131659 
131660 
197196 
197197 
131661 
197198 
197199 
131663 
131664 
197200 
98896 
197201 
131665 
197202 
131666 
197203 
131667 
98899 
197204 
197205 
131669 
131670 
98902 
197206 
197207 
131671 
197208 
131672 
98904 
197209 
131673 
98905 
197210 
131674 
98906 
197211 
131675 
98907 
197212 
131676 
98908 
197213 
131677 
98909 
197214 
131678 
98910 
197215 
98911 
131680 
197216 
98912 
197217 
98913 
197218 
98914 
197219 
131683 
98915 
131684 
197220 
98916 
197221 
98917 
197222 
131686 
98918 
131687 
197223 
98919 
197224 
98920 
197225 
131689 
98921 
197226 
98922 
131691 
197227 
98923 
197228 
131692 
98924 
197229 
98925 
131694 
197230 
98926 
131695 
197231 
98927 
197232 
98928 
197233 
98929 
197234 
98930 
197235 
98931 
197236 
98932 
197237 
98933 
197238 
197239 
197240 
197241 
98937 
197242 
98938 
197243 
98939 
98940 
197245 
98941 
98942 
197247 
98943 
197248 
98944 
197249 
98945 
197250 
98946 
197251 
98947 
197252 
98948 
197253 
98949 
98950 
98951 
197256 
131720 
98952 
197257 
131721 
98953 
131722 
98954 
131723 
98955 
131724 
98956 
197261 
98957 
197262 
131726 
98958 
197263 
98959 
197264 
98960 
197265 
131729 
98961 
197266 
98962 
197267 
131731 
98963 
197268 
98964 
197269 
131733 
98965 
197270 
98966 
197271 
98967 
197272 
131736 
98968 
197273 
131737 
98969 
197274 
131738 
98970 
98971 
197275 
131739 
98972 
197276 
131740 
197277 
131741 
98973 
197278 
131742 
98974 
197279 
197280 
197281 
131745 
197282 
131746 
197283 
197284 
131748 
197285 
197286 
197287 
197288 
197289 
197290 
197291 
197292 
197293 
197294 
197295 
197296 
197297 
197298 
197299 
131763 
197300 
131765 
197301 
197302 
131766 
197303 
131767 
197304 
131768 
197305 
197306 
197307 
131771 
197308 
131772 
131773 
197309 
197310 
131774 
197311 
131775 
197312 
131776 
197313 
197314 
197315 
197316 
197317 
197318 
197319 
197321 
197322 
197323 
197328 
131792 
197329 
131793 
197330 
131794 
197331 
197332 
131796 
197333 
131797 
197334 
131798 
197335 
131799 
197336 
131800 
197337 
131801 
197338 
131802 
197340 
131804 
197341 
197342 
131806 
197343 
197344 
197345 
131809 
197346 
197347 
131811 
197348 
197349 
131813 
197350 
197351 
131815 
197352 
131816 
197353 
131817 
197354 
131818 
197355 
131819 
197356 
197357 
197358 
197359 
197360 
131825 
197361 
197362 
197363 
197364 
197365 
197366 
197367 
197368 
197369 
197370 
197371 
197372 
197373 
197374 
197375 
197376 
197377 
197378 
131843 
197379 
197380 
197381 
131845 
197382 
131846 
197383 
197384 
197385 
131849 
197386 
197387 
131851 
197388 
131852 
197389 
197390 
197391 
131855 
197392 
197393 
197394 
197395 
131859 
197396 
131860 
197397 
131861 
197398 
131862 
197399 
131863 
197400 
197401 
131865 
197402 
197403 
131867 
197404 
131868 
197405 
131869 
197406 
197407 
131871 
197408 
197409 
131873 
197410 
131874 
197411 
131875 
197412 
197413 
131877 
197414 
131878 
197415 
131879 
197416 
131880 
197417 
131881 
197418 
131882 
197419 
131883 
197420 
131884 
197421 
131885 
197422 
131886 
197423 
131887 
197424 
131888 
197425 
131889 
197426 
131890 
197427 
131891 
197428 
131892 
197429 
131893 
131894 
197430 
197431 
131895 
197432 
197433 
131897 
197434 
131898 
197435 
131899 
197436 
131900 
197437 
197438 
197439 
197440 
131904 
131905 
197441 
197442 
131906 
197443 
197444 
197445 
197446 
131911 
197447 
197448 
131912 
197449 
197450 
131914 
131915 
197451 
197452 
197453 
131917 
197454 
131918 
197455 
131919 
197456 
131920 
197457 
131921 
197458 
131922 
197459 
131923 
197460 
131924 
197461 
131925 
197462 
131926 
197463 
131927 
197464 
131928 
197465 
131929 
197466 
131930 
197467 
131931 
197468 
131932 
197469 
131934 
197470 
197471 
131935 
197472 
131937 
197473 
131938 
197474 
197475 
197476 
131940 
131941 
197477 
197478 
197479 
197480 
197481 
197482 
197483 
197484 
197485 
197486 
197487 
197488 
197489 
197490 
197491 
197492 
197493 
197494 
197495 
197496 
197497 
197498 
197499 
197500 
197501 
197502 
197503 
197504 
197505 
197506 
197507 
197508 
197509 
197510 
197511 
197512 
197513 
197514 
197515 
197516 
197517 
197518 
197519 
197520 
197521 
197522 
197523 
197524 
197525 
197526 
197527 
197528 
197529 
197530 
197531 
197532 
197533 
197534 
197535 
131999 
197536 
132000 
197537 
132001 
197538 
132002 
197539 
197540 
132004 
197541 
197542 
197543 
132007 
132008 
197544 
197545 
197546 
132010 
197547 
197548 
197549 
132013 
197550 
132014 
197551 
132015 
197552 
132016 
197553 
132017 
197554 
132018 
197555 
132019 
197556 
132020 
197557 
132021 
197558 
132022 
197559 
132023 
197560 
132024 
197561 
197562 
197563 
197564 
197565 
197566 
197567 
197568 
197569 
197570 
197571 
197572 
197573 
197574 
197575 
197576 
197577 
197578 
197579 
197580 
197581 
197582 
197583 
197584 
197585 
197586 
197587 
197588 
197589 
132053 
197590 
132054 
197591 
132055 
197592 
132056 
197593 
132057 
197594 
132058 
197595 
132059 
197596 
132060 
132061 
197597 
197598 
197599 
132063 
197600 
132064 
197601 
132065 
197602 
132066 
197603 
197604 
197605 
197606 
197607 
197608 
197609 
197610 
197611 
197612 
197613 
197614 
197615 
197616 
132081 
197617 
197618 
132083 
197619 
197620 
132084 
197621 
132085 
197622 
132086 
197623 
132087 
197624 
197625 
197626 
197627 
132091 
197628 
132092 
132093 
197629 
197630 
197631 
197632 
197633 
197634 
197635 
197636 
197637 
197638 
197639 
197640 
197641 
197642 
197643 
197644 
197645 
197646 
197647 
197648 
132112 
197649 
132113 
197650 
197651 
197652 
197653 
197654 
197655 
197656 
197657 
197658 
197659 
197660 
197661 
197662 
197663 
197664 
197665 
197666 
197667 
197668 
197669 
197670 
197671 
132135 
197672 
132136 
197673 
132138 
197674 
197675 
132139 
197676 
132140 
197677 
132141 
197678 
132142 
197679 
132143 
197680 
197681 
197682 
197683 
197684 
197685 
197686 
197687 
197688 
197689 
197690 
197691 
197692 
197693 
132158 
197694 
197695 
132159 
197696 
197697 
132161 
197698 
132162 
197699 
132163 
197700 
132164 
197701 
132165 
197702 
132166 
197703 
132167 
197704 
132168 
197705 
132169 
197706 
132170 
197707 
132171 
197708 
197709 
197710 
197711 
197712 
197713 
197714 
197715 
197716 
197717 
197718 
197719 
197720 
197721 
197722 
197723 
197724 
197725 
197726 
197727 
197728 
197729 
197730 
197731 
197732 
197733 
197734 
197735 
197736 
132200 
132201 
197738 
132202 
132203 
132204 
132205 
197742 
132206 
132207 
132208 
197745 
132209 
197746 
132212 
132215 
132218 
132220 
132221 
132222 
99479 
99480 
99481 
99482 
99483 
99484 
132280 
132282 
132283 
132285 
132288 
132289 
132290 
132291 
132292 
99524 
132293 
99525 
132294 
99526 
132295 
99527 
132296 
99528 
132297 
99529 
132298 
99530 
132299 
99531 
99532 
99533 
132302 
99534 
132303 
132304 
132305 
132306 
132310 
132312 
132318 
132319 
132320 
132321 
132322 
132324 
132325 
132326 
132327 
132328 
132329 
132330 
132331 
132332 
132333 
132334 
132335 
132336 
132337 
132338 
132339 
132340 
132341 
132342 
99574 
132343 
99575 
132344 
99576 
132345 
99577 
132346 
99578 
132347 
99579 
132348 
99580 
132349 
99581 
132350 
99582 
132351 
99583 
132352 
132353 
132354 
132355 
132356 
132357 
132358 
132359 
132360 
132361 
132362 
132363 
132364 
132365 
132366 
132367 
132368 
132370 
132373 
132374 
132376 
132377 
132378 
132379 
132382 
132384 
132386 
132390 
132392 
99624 
132393 
99625 
99626 
132395 
99627 
132396 
99628 
132397 
99629 
132398 
99630 
132399 
99631 
99632 
99633 
99634 
132418 
132424 
132425 
132426 
132428 
132430 
132431 
132432 
132433 
132435 
132436 
132439 
132440 
132441 
132442 
99674 
132443 
99675 
132444 
99676 
132445 
99677 
132446 
99678 
99679 
132448 
99680 
99681 
99682 
99683 
99684 
132454 
132456 
132461 
132462 
132463 
132464 
132465 
132466 
132467 
132468 
132469 
132470 
132471 
132472 
132473 
132488 
132489 
132490 
132491 
132492 
99724 
132493 
99725 
132494 
99726 
132495 
99727 
132496 
99728 
132497 
99729 
132498 
99730 
132499 
99731 
132500 
99732 
132501 
99733 
99734 
198050 
198052 
132516 
132517 
132518 
132519 
132520 
132521 
132522 
132523 
132524 
132525 
132526 
132527 
132528 
132530 
132536 
198073 
132538 
99774 
132543 
99775 
132544 
99776 
132545 
99777 
132546 
99778 
132547 
132548 
132549 
132550 
132552 
198090 
198091 
132556 
198092 
198093 
132557 
198094 
198095 
132559 
198096 
198097 
132562 
198098 
198099 
132563 
198100 
132564 
198101 
132565 
198102 
198103 
198104 
198105 
198106 
198107 
198108 
198109 
198110 
198111 
198112 
198113 
198114 
198115 
198116 
198117 
198118 
198119 
198120 
99817 
198121 
198122 
198123 
198124 
198125 
198126 
198127 
132591 
198128 
132592 
132593 
198129 
198130 
132595 
198131 
198132 
198133 
132597 
198134 
132598 
198135 
198136 
132601 
198137 
198138 
198139 
198140 
132604 
198141 
132605 
198142 
198143 
198144 
198145 
198146 
198147 
132611 
198148 
132612 
132613 
198149 
132614 
198150 
198151 
198152 
198153 
198154 
198155 
132619 
198156 
132620 
198157 
132621 
198158 
132622 
132623 
132624 
132625 
132626 
198163 
132627 
132628 
132629 
198166 
132630 
132631 
132632 
132633 
132634 
132635 
132636 
132637 
132638 
132639 
132640 
132641 
132642 
132643 
132644 
132645 
132646 
132647 
132648 
132649 
132650 
132651 
132652 
132653 
198190 
132654 
198191 
132655 
198192 
132656 
198193 
132657 
198194 
132658 
132659 
198196 
132660 
198197 
198198 
198199 
132664 
198200 
198201 
198202 
198203 
198204 
198205 
198206 
198207 
198208 
198209 
198210 
198211 
198212 
198213 
132678 
198214 
198215 
198216 
132681 
198217 
198218 
198219 
132684 
198220 
198221 
198222 
198223 
198224 
132688 
198225 
132689 
198226 
198227 
198228 
198229 
198230 
132695 
198231 
198232 
132697 
198233 
198234 
198235 
198236 
198237 
198238 
132703 
198239 
198240 
132704 
198241 
132705 
198242 
132706 
198243 
132707 
198244 
132708 
198245 
132709 
198246 
132710 
198247 
132711 
198248 
198249 
198250 
132715 
198251 
198252 
198253 
198254 
198255 
198256 
198257 
198258 
198259 
198260 
132725 
198261 
198262 
132726 
198263 
132727 
198264 
132728 
198265 
132729 
198266 
132730 
198267 
132731 
198268 
132732 
198269 
132733 
198270 
132734 
198271 
132735 
198272 
132736 
198273 
132737 
198274 
198275 
198276 
132741 
198277 
198278 
198279 
198280 
198281 
198282 
198283 
198284 
198285 
198286 
132751 
198287 
198288 
132752 
198289 
132753 
198290 
132754 
198291 
132755 
198292 
132756 
198293 
132757 
198294 
132758 
198295 
198296 
198297 
132762 
198298 
198299 
198300 
198301 
198302 
198303 
132768 
198304 
198305 
198306 
198307 
198308 
198309 
132773 
198310 
132775 
198311 
198312 
198313 
198314 
198315 
198316 
198317 
198318 
198319 
198320 
198321 
198322 
132787 
198323 
198324 
132793 
132794 
132797 
132800 
198338 
132802 
198339 
132803 
198340 
132804 
198341 
132805 
198342 
132806 
198343 
132807 
198344 
132808 
198345 
132809 
198346 
132810 
198347 
132811 
198348 
132812 
198349 
132813 
198350 
132814 
198351 
132815 
198352 
132816 
198353 
198354 
198355 
198356 
198357 
198358 
198359 
198360 
198361 
198362 
198363 
198364 
198365 
198366 
198367 
198368 
198369 
198370 
198371 
198372 
198373 
198374 
198375 
198376 
198377 
198378 
198379 
198380 
198381 
198382 
198383 
198384 
198385 
198386 
198387 
198388 
198389 
198390 
198391 
198392 
198393 
198394 
198395 
198396 
198397 
198398 
198399 
198400 
198401 
198402 
198403 
198404 
198405 
198406 
198407 
198408 
198409 
198410 
198411 
198412 
198413 
198414 
198415 
198416 
198417 
198418 
198419 
198420 
198421 
198422 
198423 
198424 
198425 
198426 
198427 
198428 
198429 
198430 
198431 
198432 
198433 
198434 
198435 
198436 
198437 
198438 
198439 
198440 
198441 
198442 
198443 
198444 
198445 
198446 
198447 
198448 
198449 
198450 
198451 
198452 
198453 
198454 
198455 
198456 
198457 
198458 
198459 
198460 
198461 
198462 
198463 
198464 
198465 
198466 
198467 
198468 
198469 
198470 
198471 
198474 
198475 
198545 
198546 
198547 
198548 
198565 
198566 
198567 
198568 
198569 
198570 
198571 
198572 
198573 
198574 
198575 
198576 
198577 
198578 
198579 
198580 
198581 
198582 
198583 
198584 
198585 
198586 
198587 
198588 
198589 
198590 
198591 
198592 
198593 
198594 
198595 
198596 
198597 
100293 
198598 
100294 
198599 
100295 
198600 
100296 
198601 
100297 
198602 
100298 
198603 
100299 
198604 
100300 
198605 
100301 
198606 
100302 
198607 
100303 
198608 
100304 
198609 
100305 
198610 
100306 
198611 
100307 
198612 
100308 
198613 
100309 
198614 
100310 
198615 
100311 
198616 
100312 
198617 
100313 
198618 
100314 
198619 
100315 
198620 
100316 
198621 
100317 
198622 
100318 
198623 
100319 
198624 
100320 
198625 
100321 
198626 
100322 
198627 
100323 
198628 
100324 
198629 
100325 
198630 
100326 
198631 
100327 
198632 
100328 
198633 
100329 
198634 
100330 
198635 
100331 
198636 
100332 
198637 
100333 
198638 
100334 
100335 
198639 
198640 
198641 
100338 
198642 
100339 
198643 
198644 
198645 
198646 
198647 
198648 
198649 
198650 
198651 
198652 
198653 
198654 
198655 
198656 
198657 
198658 
198659 
198660 
198661 
198662 
198663 
198664 
198665 
198666 
198667 
198668 
198669 
198670 
198671 
198672 
198673 
198674 
198675 
198676 
198677 
198678 
198679 
198680 
198681 
198682 
198683 
198684 
198685 
198686 
198687 
198688 
198689 
198690 
198691 
198692 
198693 
198694 
198695 
198696 
198711 
198712 
198713 
198714 
198791 
198792 
198793 
198794 
198795 
198796 
198797 
198798 
198799 
198800 
198801 
198802 
198803 
198804 
198805 
198806 
198807 
198808 
198809 
198810 
198811 
198812 
198813 
198814 
198815 
198816 
198817 
198818 
198819 
198820 
198821 
198822 
198823 
198824 
198825 
198826 
198827 
198828 
198829 
198830 
198831 
198832 
198833 
198834 
198835 
198836 
198837 
198838 
198839 
198840 
198841 
198842 
198843 
198844 
198845 
198846 
198847 
198848 
198849 
198850 
198851 
198852 
198853 
198854 
198855 
198856 
198857 
198858 
198859 
198860 
198861 
198862 
198863 
198864 
198865 
198866 
198881 
198882 
198883 
198884 
198885 
198886 
198887 
198888 
198889 
198890 
198891 
198892 
198893 
198894 
198895 
198896 
198897 
198898 
198899 
198900 
198901 
198902 
198903 
198904 
198905 
198906 
198907 
198908 
198909 
198910 
198911 
198912 
198913 
198914 
198915 
198916 
198989 
198990 
198991 
198992 
198993 
198994 
198995 
198996 
198997 
198998 
198999 
199000 
199022 
199023 
199024 
199025 
199026 
199027 
199028 
199029 
199030 
199031 
199032 
199033 
199034 
199035 
199036 
199037 
199038 
199039 
199040 
199041 
199042 
199043 
199044 
199045 
199046 
199047 
199048 
199049 
199050 
199051 
199052 
199053 
199082 
199083 
199084 
199085 
199086 
199087 
199088 
199089 
199090 
199091 
199092 
199093 
199094 
199095 
199096 
199097 
199098 
199113 
199114 
199115 
199116 
199117 
199118 
199119 
199120 
199121 
199122 
100883 
199208 
199209 
199211 
199217 
199220 
199221 
199222 
199223 
199224 
199225 
199226 
199227 
100923 
199228 
100924 
199229 
100925 
199230 
100926 
199231 
100927 
199232 
199233 
199234 
199235 
199236 
199237 
199238 
199239 
199240 
199241 
199242 
199243 
199244 
199245 
199246 
199247 
199248 
199249 
199250 
199251 
199252 
199253 
199254 
199255 
199256 
199257 
199258 
199259 
199260 
199261 
199262 
100968 
100969 
100970 
100971 
100972 
100973 
100974 
100975 
100976 
100977 
199291 
199292 
199293 
199294 
199295 
199296 
199297 
101018 
101019 
101020 
101021 
101022 
101023 
199328 
101024 
199329 
199330 
199331 
199332 
199333 
199334 
199363 
199364 
199365 
199366 
199367 
199368 
199369 
101065 
101066 
199407 
199414 
199415 
199416 
199417 
199418 
199419 
199420 
199435 
199436 
199437 
199438 
199439 
199440 
199441 
199442 
199443 
199444 
199445 
199446 
199447 
199448 
199472 
199473 
199474 
199475 
199476 
199477 
199478 
199479 
199480 
199481 
199482 
199483 
199484 
199485 
199486 
199487 
199488 
199489 
199490 
199491 
199492 
199493 
199494 
199495 
199496 
199497 
199498 
199499 
199507 
199508 
199509 
199510 
199511 
199512 
199538 
199542 
199544 
199545 
199546 
199547 
199548 
199549 
199550 
199551 
199552 
199553 
199554 
199555 
199556 
199557 
199558 
199559 
199560 
199561 
199562 
199563 
199564 
199565 
199566 
199567 
199568 
199569 
199570 
199571 
199572 
199573 
199574 
199575 
199576 
199577 
199643 
199644 
199645 
199646 
199647 
199648 
199649 
199664 
199665 
199666 
199667 
199668 
199669 
199670 
199671 
199672 
199673 
199674 
199675 
199676 
199677 
199692 
199693 
199694 
199695 
199696 
199697 
199698 
199769 
199770 
199771 
199772 
199773 
199774 
199775 
199776 
199777 
199778 
199779 
199780 
199781 
199782 
199783 
199784 
199785 
199786 
199787 
199788 
199789 
199790 
199791 
199792 
199793 
199794 
199795 
199796 
199797 
199798 
199799 
199800 
199801 
199802 
199803 
199804 
199805 
199806 
199807 
199808 
199809 
199810 
199811 
199812 
199813 
199814 
199815 
199816 
199817 
199818 
199819 
199820 
199821 
199822 
199823 
199824 
199825 
199826 
199827 
199828 
199829 
199830 
199831 
199903 
199904 
199905 
199906 
199907 
199908 
199909 
199910 
101620 
101621 
199926 
101622 
101623 
199928 
101624 
101625 
199930 
101626 
101627 
199932 
101628 
199933 
101629 
199934 
101630 
199935 
101631 
199936 
101632 
199937 
199938 
199939 
199940 
199941 
199942 
199943 
199944 
199945 
199946 
199947 
199948 
199949 
199950 
199951 
199952 
199953 
199954 
199955 
199956 
199957 
199958 
199959 
199960 
199961 
199962 
199963 
199964 
199965 
199966 
199967 
199968 
199969 
199970 
199971 
199972 
199973 
199974 
199975 
199976 
199977 
199978 
199979 
199980 
199981 
199982 
199983 
199984 
199985 
199986 
199987 
199988 
199989 
199990 
199991 
199992 
199993 
199994 
199995 
199996 
199997 
199998 
199999 
200000 
200001 
200002 
200003 
200004 
200005 
200006 
200007 
200008 
200009 
200010 
200011 
200012 
200013 
200014 
200015 
200016 
200017 
200018 
200019 
200034 
200035 
200036 
200037 
200038 
200039 
200115 
200118 
200120 
200121 
200123 
200124 
200125 
200126 
200127 
200128 
200129 
200130 
200131 
200132 
200133 
200134 
200135 
200136 
200137 
200138 
200139 
200140 
200141 
200142 
200143 
200144 
200145 
200146 
200147 
200148 
200149 
200150 
200151 
200152 
200153 
200154 
200155 
200156 
200157 
200158 
200159 
200160 
200161 
200162 
200163 
200164 
200165 
200166 
200167 
200168 
200169 
200170 
200171 
200172 
200173 
200174 
200175 
200176 
200177 
200178 
200179 
200180 
200181 
200182 
200183 
200184 
200185 
200186 
200187 
200188 
200189 
200190 
200191 
200192 
200193 
200194 
200195 
200196 
200197 
200198 
200199 
200200 
200201 
200202 
200203 
200204 
200205 
200206 
200207 
200208 
200209 
200210 
200211 
200212 
200213 
200214 
200215 
200216 
200217 
200218 
200219 
200220 
200221 
200222 
200223 
200224 
200284 
200285 
200300 
200301 
200302 
200303 
200304 
200305 
200306 
200307 
200308 
200309 
200310 
200311 
200312 
200313 
200314 
200315 
200316 
200317 
200318 
200319 
200320 
200321 
200322 
200323 
200324 
200325 
200326 
200327 
200328 
200329 
200330 
200331 
200332 
200333 
200334 
200335 
200336 
200337 
200338 
200339 
200340 
200341 
200342 
200343 
200344 
200345 
200346 
200347 
200348 
200349 
200350 
200351 
200352 
200353 
200354 
200355 
200356 
200357 
200358 
200359 
200360 
200361 
200362 
200363 
200364 
200365 
200366 
200367 
200368 
200369 
200370 
200371 
200372 
200373 
200374 
200375 
200376 
200377 
200378 
200379 
200380 
200381 
200382 
200383 
200384 
200385 
200386 
200387 
200388 
200389 
200390 
200391 
200392 
200393 
200394 
200395 
200396 
200397 
200398 
200399 
200400 
200401 
200402 
200403 
200404 
200405 
200475 
200476 
200477 
200478 
200479 
200480 
200481 
200482 
200483 
200484 
200485 
200486 
200487 
200488 
200489 
200490 
200491 
200492 
200493 
200494 
200495 
200496 
200497 
200498 
200499 
200500 
200501 
200502 
200503 
200504 
200505 
200506 
200507 
200508 
200509 
200510 
200511 
200512 
200513 
200514 
200515 
200516 
200517 
200518 
200519 
200520 
200521 
200522 
200523 
200524 
200525 
200526 
200527 
200528 
200529 
200530 
200531 
200532 
200533 
200534 
200535 
200536 
200537 
200538 
200539 
200540 
200541 
200542 
200543 
200544 
200545 
200546 
200547 
200548 
200549 
200550 
200556 
200560 
200561 
200562 
200563 
200576 
200579 
200580 
200581 
200582 
200583 
200584 
200585 
200586 
200587 
200588 
200589 
200590 
200591 
200592 
200593 
200594 
200595 
200596 
200597 
200598 
200599 
200600 
200601 
200602 
200603 
200604 
200605 
200606 
200607 
200608 
200609 
200610 
200611 
200612 
200613 
200614 
200615 
200616 
200617 
200634 
200635 
200636 
200637 
200638 
200639 
200640 
200641 
200642 
200643 
200644 
200645 
200646 
200647 
200648 
200649 
200650 
200651 
200652 
200653 
201022 
201023 
201024 
201025 
201026 
201027 
201028 
201029 
201030 
201031 
201032 
201033 
201034 
201035 
201036 
201037 
201038 
201039 
201040 
201041 
201042 
201043 
201044 
201045 
201046 
201047 
201048 
201049 
201050 
201051 
201053 
201084 
201085 
201086 
201087 
201088 
201089 
201091 
201093 
201094 
201095 
201096 
201097 
201098 
201099 
201100 
201101 
201102 
201103 
201104 
201105 
201106 
201107 
201108 
201109 
201110 
201111 
201112 
201113 
201114 
201115 
201116 
201117 
201118 
201119 
201120 
201121 
201122 
201123 
201124 
201125 
201126 
201127 
201128 
201129 
201130 
201131 
201132 
201133 
201134 
201135 
201136 
201137 
201138 
201139 
201140 
201141 
201142 
201145 
201146 
201148 
201150 
201151 
201152 
201153 
201154 
201155 
201157 
201158 
201159 
201161 
201162 
201163 
201164 
201165 
201166 
201167 
201168 
201169 
201170 
201171 
201172 
201173 
201174 
201175 
201176 
201177 
201178 
201179 
201180 
201181 
201182 
201183 
201184 
201185 
201186 
201187 
201188 
201189 
201190 
201191 
201192 
201193 
201194 
201195 
201196 
201197 
201198 
201199 
201200 
201201 
201202 
201203 
201204 
201205 
201206 
201207 
201208 
201209 
201210 
201212 
201213 
201214 
201215 
201221 
201224 
201235 
201239 
201240 
201241 
201242 
201243 
201245 
201246 
201247 
201250 
201251 
201252 
201253 
201257 
201259 
201260 
201261 
201262 
201263 
201264 
201265 
201266 
201267 
201268 
201269 
201270 
201271 
201272 
201273 
201274 
201275 
201276 
201277 
201278 
201279 
201280 
201281 
201282 
201283 
201284 
201285 
201286 
201287 
201288 
201289 
201293 
201294 
201296 
201308 
201310 
201311 
201314 
201315 
201316 
201317 
201318 
201321 
201322 
201324 
201325 
201326 
201327 
201328 
201329 
201330 
201331 
201332 
201333 
201334 
201335 
201336 
201337 
201338 
201339 
201340 
201341 
201342 
201343 
201344 
201345 
201346 
201347 
201348 
201349 
201350 
201351 
201352 
201353 
201354 
201356 
201357 
201358 
201359 
201360 
201362 
201363 
201365 
201366 
201368 
201369 
201370 
201371 
201372 
201373 
201374 
201376 
201377 
201379 
201380 
201384 
201386 
201388 
201396 
201397 
201398 
201399 
201400 
201401 
201402 
201403 
201404 
201405 
201406 
201407 
201408 
201409 
201424 
201425 
201426 
201427 
201428 
201429 
201430 
201431 
201432 
201433 
201434 
201435 
201438 
201440 
201464 
201465 
201466 
201467 
201468 
201469 
201470 
201492 
201493 
201494 
201495 
201496 
201497 
201498 
201499 
201500 
201501 
201502 
201503 
201504 
201505 
201506 
201507 
201509 
201511 
201513 
201528 
201529 
201537 
201538 
201539 
201540 
201541 
201542 
201543 
201544 
201545 
201546 
201547 
201548 
201549 
201550 
201551 
201552 
201553 
201555 
201556 
201558 
201559 
201560 
201562 
201563 
201564 
201565 
201566 
201581 
201582 
201583 
201584 
201585 
201586 
201587 
201589 
201591 
201594 
201595 
201603 
201604 
201605 
201606 
201607 
201608 
201609 
201610 
201611 
201612 
201613 
201614 
201615 
201616 
201617 
201618 
201619 
201621 
201623 
201625 
201638 
201642 
201643 
201644 
201645 
201647 
201649 
201650 
201651 
201652 
201654 
201659 
201669 
201690 
201697 
201699 
201700 
201701 
201703 
201704 
201705 
201706 
201707 
201708 
201709 
201724 
201725 
201726 
201727 
201728 
201729 
201730 
201731 
201732 
201733 
201734 
201735 
201746 
201748 
201750 
201751 
201752 
201753 
201754 
201755 
201779 
201780 
201781 
201783 
201805 
201806 
201807 
201808 
201809 
201810 
201811 
201840 
201841 
201842 
201843 
201844 
201845 
201846 
201847 
201848 
201849 
201850 
201851 
201852 
201853 
201854 
201855 
201856 
201857 
201858 
201859 
201860 
201861 
201862 
201863 
201864 
201865 
201866 
201867 
201868 
201869 
201870 
201871 
201873 
201874 
201875 
201876 
201880 
201883 
201885 
201886 
201887 
201889 
201890 
201892 
201893 
201894 
201895 
201896 
201897 
201898 
201899 
201900 
201901 
201907 
201908 
201909 
201910 
201911 
201912 
201913 
201914 
201915 
201923 
201924 
201925 
201926 
201927 
201928 
201929 
201930 
201952 
201954 
201959 
201960 
201961 
201962 
201963 
201964 
201965 
201967 
201968 
201969 
201977 
201983 
201985 
201986 
201987 
201988 
201989 
201990 
201991 
201992 
201993 
201994 
201995 
201996 
201997 
201998 
201999 
202000 
202001 
202002 
202003 
202004 
202005 
202006 
202007 
202008 
202009 
202010 
202011 
202012 
202013 
202014 
202015 
202016 
202017 
202018 
202019 
202026 
202027 
202028 
202036 
202037 
202038 
202039 
202040 
202041 
202042 
202043 
202044 
202045 
202046 
202047 
202048 
202049 
202050 
202051 
202052 
202053 
202054 
202055 
202056 
202057 
202058 
202059 
202060 
202061 
202062 
202063 
202064 
202065 
202066 
202067 
202068 
202069 
202070 
202073 
202074 
202075 
202077 
202078 
202079 
202080 
202081 
202083 
202091 
202092 
202093 
202094 
202095 
202096 
202097 
202098 
202099 
202100 
202101 
202102 
202103 
202104 
202105 
202106 
202107 
202108 
202109 
202110 
202111 
202112 
202113 
202114 
202115 
202116 
202117 
202118 
202119 
202124 
202127 
202131 
202134 
202138 
202143 
202145 
202148 
202149 
202150 
202151 
202152 
202153 
202154 
202155 
202156 
202159 
202160 
202162 
202163 
202164 
202167 
202168 
202170 
202171 
202174 
202175 
202177 
202178 
202179 
202180 
202181 
202182 
202183 
202184 
202185 
202186 
202187 
202188 
202190 
202192 
202193 
202194 
202196 
202198 
202200 
202201 
202202 
202203 
202205 
202206 
202207 
202208 
202209 
202210 
202211 
202212 
202213 
202214 
202215 
202216 
202217 
202218 
202219 
202220 
202221 
202222 
202223 
202224 
202225 
202226 
202227 
202228 
202229 
202230 
202231 
202232 
202233 
202234 
202236 
202238 
202239 
202240 
202241 
202242 
202244 
202245 
202246 
202249 
202250 
202252 
202254 
202255 
202256 
202257 
202258 
202259 
202260 
202261 
202262 
202263 
202264 
202265 
202266 
202267 
202268 
202269 
202270 
202271 
202272 
202275 
202276 
202278 
202279 
202282 
202283 
202292 
202293 
202294 
202295 
202297 
202298 
202299 
202300 
202302 
202304 
202305 
202306 
202307 
202309 
202311 
202313 
202314 
202315 
202316 
202317 
202318 
202319 
202321 
202327 
202328 
202329 
202330 
202331 
202332 
202333 
202334 
202335 
202336 
202337 
202338 
202339 
202340 
202341 
202342 
202343 
202344 
202345 
202358 
202359 
202360 
202362 
202363 
202364 
202365 
202366 
202367 
202379 
202380 
202381 
202382 
202383 
202384 
202385 
202386 
202387 
202388 
202390 
202393 
202394 
202395 
202397 
202400 
202401 
202402 
202403 
202404 
202405 
202406 
202408 
202411 
202413 
202418 
202419 
202422 
202428 
202435 
202438 
202440 
202441 
202445 
202450 
202457 
202458 
202459 
202460 
202462 
202464 
202477 
202483 
202484 
202486 
202487 
202488 
202489 
202490 
202491 
202492 
202493 
202494 
202495 
202496 
202497 
202504 
202505 
202506 
202508 
202509 
202510 
202511 
202515 
202518 
202529 
202536 
202537 
202540 
202541 
202542 
202543 
202544 
202545 
202546 
202547 
202548 
202549 
202550 
202551 
202552 
202553 
202554 
202555 
202556 
202557 
202558 
202559 
202560 
202561 
202562 
202563 
202564 
202565 
202566 
202567 
202568 
202569 
202570 
202571 
202572 
202573 
202574 
202575 
202576 
202577 
202578 
202579 
202580 
202581 
202582 
202583 
202584 
202585 
202586 
202587 
202588 
202589 
202590 
202591 
202592 
202593 
202594 
202595 
202596 
202597 
202598 
202599 
202600 
202601 
202602 
202603 
202604 
202605 
202606 
202607 
202608 
202609 
202610 
202611 
202612 
202613 
202614 
202615 
202616 
202617 
202618 
202619 
202620 
202621 
202622 
202623 
202624 
202625 
202626 
202627 
202628 
202629 
202630 
202631 
202632 
202633 
202634 
202635 
202636 
202637 
202638 
202639 
202640 
202641 
202642 
202643 
202644 
202645 
202646 
202647 
202648 
202649 
202650 
202651 
202652 
202653 
202654 
202655 
202656 
202657 
202658 
202659 
202660 
202661 
202662 
202663 
202664 
202665 
202666 
202667 
202668 
202669 
202670 
202671 
202672 
202673 
202674 
202675 
202676 
202677 
202678 
202679 
202682 
202683 
202684 
202685 
202686 
202687 
202688 
202689 
202690 
202691 
202692 
202693 
202694 
202695 
202696 
202697 
202698 
202699 
202700 
202701 
202702 
202703 
202704 
202705 
202706 
202707 
202708 
202709 
202710 
202711 
202712 
202713 
202714 
202715 
202716 
202717 
202718 
202719 
202720 
202721 
202722 
202723 
202724 
202725 
202726 
202727 
202728 
202729 
202730 
202731 
202732 
202733 
202734 
202735 
202736 
202737 
202738 
202739 
202740 
202741 
202742 
202743 
202744 
202745 
202746 
202747 
202748 
202749 
202750 
202751 
202752 
202753 
202754 
202755 
202756 
202757 
202758 
202759 
202760 
202761 
202762 
202763 
202764 
202765 
202766 
202767 
202768 
202769 
202770 
202771 
202772 
202773 
202774 
202775 
202776 
202777 
202778 
202779 
202780 
202781 
202782 
202783 
202784 
202785 
202786 
202787 
202788 
202789 
202790 
202791 
202792 
202793 
202794 
202795 
202796 
202797 
202798 
202799 
202800 
202801 
202802 
202803 
202804 
202805 
202806 
202807 
202808 
202809 
202810 
202811 
202812 
202813 
202814 
202815 
202816 
202817 
202818 
202819 
202820 
202821 
202822 
202823 
202824 
202825 
202826 
202827 
202828 
202829 
202830 
202831 
202844 
202854 
202856 
202875 
202877 
202878 
202902 
202903 
202908 
202909 
202910 
202911 
202912 
202913 
202914 
202915 
202916 
202917 
202918 
202919 
202920 
202921 
202922 
202923 
202924 
202925 
202926 
202927 
202928 
202929 
202930 
202931 
202932 
202933 
202934 
202935 
202936 
202937 
202938 
202939 
202940 
202944 
202946 
202947 
202960 
202961 
202990 
202995 
203023 
203024 
203032 
203033 
203034 
203035 
203036 
203037 
203038 
203039 
203040 
203041 
203042 
203043 
203044 
203045 
203046 
203047 
203048 
203049 
203050 
203051 
203052 
203053 
203054 
203055 
203056 
203057 
203058 
203059 
203060 
203061 
203062 
203063 
203064 
203065 
203066 
203067 
203068 
203069 
203070 
203071 
203072 
203073 
203074 
203075 
203076 
203077 
203078 
203079 
203080 
203081 
203082 
203083 
203084 
203085 
203086 
203087 
203088 
203089 
203090 
203091 
203092 
203093 
203094 
203095 
203096 
203097 
203098 
203099 
203100 
203101 
203102 
203103 
203104 
203105 
203106 
203107 
203108 
203109 
203110 
203111 
203112 
203113 
203114 
203115 
203116 
203117 
203118 
203119 
203120 
203121 
203122 
203123 
203124 
203125 
203126 
203127 
203128 
203129 
203130 
203131 
203132 
203133 
203134 
203135 
203136 
203137 
203138 
203139 
203140 
203141 
203142 
203143 
203144 
203145 
203146 
203147 
203148 
203149 
203150 
203151 
203152 
203153 
203154 
203155 
203156 
203157 
203158 
203159 
203160 
203161 
203162 
203163 
203164 
203165 
203166 
203167 
203168 
203169 
203170 
203171 
203172 
203173 
203174 
203175 
203176 
203177 
203178 
203179 
203180 
203181 
203182 
203183 
203184 
203185 
203186 
203187 
203188 
203189 
203190 
203191 
203192 
203193 
203194 
203195 
203196 
203197 
203198 
203199 
203200 
203201 
203202 
203203 
203204 
203205 
203206 
203207 
203208 
203209 
203210 
203211 
203212 
203213 
203214 
203215 
203216 
203217 
203222 
203226 
203227 
203228 
203229 
203232 
203233 
203234 
203235 
203236 
203237 
203238 
203239 
203240 
203241 
203242 
203243 
203244 
203245 
203246 
203247 
203248 
203249 
203250 
203251 
203252 
203253 
203254 
203255 
203256 
203257 
203258 
203259 
203260 
203261 
203262 
203263 
203264 
203265 
203266 
203267 
203268 
203269 
203270 
203271 
203272 
203273 
203274 
203275 
203276 
203277 
203278 
203279 
203280 
203281 
203282 
203283 
203284 
203285 
203286 
203287 
203288 
203289 
203290 
203291 
203292 
203293 
203294 
203295 
203296 
203297 
203298 
203299 
203300 
203301 
203302 
203303 
203304 
203305 
203306 
203307 
203308 
203309 
203310 
203311 
203312 
203313 
203314 
203315 
203316 
203317 
203318 
203319 
203320 
203321 
203322 
203323 
203324 
203325 
203326 
203327 
203328 
203329 
203330 
203331 
203332 
203333 
203334 
203335 
203336 
203337 
203338 
203339 
203340 
203341 
203342 
203343 
203344 
203345 
203346 
203347 
203348 
203349 
203350 
203351 
203352 
203353 
203354 
203355 
203356 
203357 
203358 
203359 
203360 
203361 
203362 
203363 
203364 
203365 
203366 
203367 
203368 
203369 
203370 
203371 
203372 
203373 
203374 
203375 
203376 
203377 
203378 
203379 
203380 
203381 
203382 
203383 
203384 
203385 
203386 
203387 
203388 
203389 
203390 
203391 
203392 
203393 
203394 
203395 
203396 
203397 
203398 
203399 
203400 
203401 
203402 
203403 
203404 
203405 
203406 
203407 
203408 
203409 
203410 
203411 
203412 
203413 
203414 
203415 
203416 
203417 
203418 
203419 
203420 
203421 
203422 
203423 
203424 
203425 
203426 
203427 
203428 
203429 
203430 
203431 
203432 
203433 
203434 
203435 
203436 
203437 
203438 
203439 
203440 
203441 
203442 
203443 
203444 
203445 
203446 
203447 
203448 
203449 
203450 
203451 
203452 
203453 
203454 
203455 
203456 
203457 
203458 
203459 
203460 
203461 
203462 
203463 
203464 
203465 
203466 
203467 
203468 
203469 
203470 
203471 
203472 
203473 
203474 
203475 
203476 
203477 
203478 
203479 
203480 
203481 
203482 
203483 
203484 
203485 
203486 
203487 
203488 
203489 
203490 
203491 
203492 
203493 
203494 
203495 
203496 
203497 
203498 
203499 
203500 
203501 
203502 
203503 
203504 
203505 
203506 
203507 
203508 
203509 
203510 
203511 
203512 
203513 
203514 
203515 
203516 
203517 
203518 
203519 
203520 
203521 
203522 
203523 
203524 
203525 
203526 
203527 
203528 
203529 
203530 
203531 
203532 
203533 
203534 
203535 
203536 
203537 
203538 
203539 
203540 
203541 
203542 
203543 
203544 
203545 
203546 
203547 
203548 
203549 
203550 
203551 
203552 
203554 
203557 
203558 
203559 
203563 
203566 
203567 
203568 
203569 
203570 
203571 
203572 
203574 
203577 
203578 
203579 
203580 
203581 
203583 
203586 
203587 
203588 
203589 
203590 
203595 
203596 
203597 
203598 
203599 
203604 
203605 
203610 
203615 
203620 
203625 
203630 
203635 
203640 
203645 
203646 
203647 
203648 
203649 
203650 
203651 
203652 
203653 
203654 
203655 
203656 
203657 
203658 
203659 
203660 
203661 
203662 
203663 
203664 
203665 
203666 
203667 
203668 
203669 
203670 
203671 
203672 
203673 
203674 
203675 
203676 
203677 
203678 
203679 
203680 
203681 
203682 
203683 
203684 
203685 
203686 
203687 
203688 
203689 
203690 
203699 
203700 
89135 
89136 
89137 
89138 
89139 
89140 
89141 
89142 
89143 
89144 
89145 
89146 
89147 
89148 
89149 
89151 
89152 
89736 
89737 
89738 
89739 
89740 
89781 
89782 
89783 
89784 
89785 
89786 
89787 
89788 
89789 
89790 
89831 
89832 
89833 
89834 
89835 
89836 
89837 
89838 
89839 
89879 
89880 
89881 
89882 
89921 
90433 
90436 
90437 
90438 
90439 
90440 
90441 
90442 
90443 
90444 
90445 
90446 
90447 
90448 
90449 
90450 
90451 
90452 
90453 
90454 
90455 
90456 
90457 
90458 
90459 
90460 
90461 
90462 
90463 
90464 
90465 
90466 
90467 
90468 
90469 
90470 
90471 
90472 
90473 
90474 
90475 
90476 
90477 
90478 
90479 
90480 
90481 
189139 
189140 
189141 
189142 
189143 
189144 
189145 
189146 
189147 
189148 
189149 
189150 
189151 
189152 
189153 
189154 
189155 
189156 
189157 
189158 
189159 
189160 
189161 
189162 
189163 
189164 
189165 
189166 
189167 
189168 
189169 
189170 
189171 
189172 
189173 
189174 
189175 
189176 
189177 
189178 
189179 
189180 
189181 
189182 
189183 
189184 
189185 
189186 
189187 
189188 
189189 
189190 
189191 
189192 
189193 
189194 
189195 
189196 
189198 
189199 
189201 
189202 
189204 
189209 
189212 
189223 
189225 
189228 
189229 
189230 
189231 
189232 
189233 
189234 
189237 
189240 
189242 
189243 
189244 
189246 
189247 
189248 
189249 
189250 
189251 
189254 
189255 
189256 
189257 
189258 
189262 
189264 
189265 
189269 
189271 
189273 
189274 
189275 
189277 
189279 
189280 
189281 
189282 
189283 
189284 
189285 
189286 
189287 
189289 
90985 
189290 
90986 
90987 
189292 
90988 
90989 
189298 
189303 
189304 
189305 
189307 
189310 
189311 
189313 
189319 
189323 
189324 
189325 
189326 
189327 
189328 
189329 
189330 
189331 
189332 
189333 
91029 
189334 
91030 
189335 
91031 
189336 
91032 
189337 
91033 
189338 
91034 
189339 
91035 
189340 
91036 
91037 
189362 
189363 
189364 
189365 
189366 
189367 
189368 
189369 
189370 
189371 
189372 
189373 
189374 
189375 
189376 
189377 
189378 
189379 
189380 
189381 
91077 
189382 
91078 
189383 
91079 
189384 
91080 
189385 
91081 
189386 
91082 
189387 
91083 
189388 
91084 
189389 
91085 
189390 
91086 
91087 
189391 
189392 
189393 
189394 
189395 
189396 
189418 
189419 
189420 
189421 
189422 
189423 
189424 
189425 
189426 
189427 
189428 
189429 
91126 
189430 
189431 
91127 
189432 
91128 
189433 
91129 
189434 
91130 
189435 
91131 
189436 
91132 
189437 
91133 
189438 
91134 
189439 
91135 
189440 
91136 
91137 
189442 
189443 
189450 
189457 
189463 
189464 
189471 
189476 
189477 
189478 
189479 
91176 
189480 
189481 
91177 
189482 
91178 
189483 
91179 
189484 
91180 
91181 
189486 
91182 
91183 
189488 
91184 
91185 
91186 
189491 
91187 
189492 
189493 
189494 
189496 
189498 
189501 
189502 
189506 
189507 
189510 
189512 
189516 
189517 
189519 
91227 
189532 
91228 
91229 
91230 
91231 
91232 
91233 
91234 
91235 
91236 
91237 
189565 
189566 
189568 
189572 
189573 
189574 
189581 
91277 
91278 
91279 
91280 
91281 
189586 
189588 
189591 
189592 
189593 
189595 
189596 
189597 
189598 
189599 
189600 
189601 
189602 
189603 
189604 
189605 
189606 
189607 
189608 
189609 
189610 
189611 
189612 
189613 
189614 
189615 
189616 
189617 
189618 
189619 
189620 
189621 
189622 
189623 
189624 
189625 
189626 
189627 
189628 
189629 
189630 
189631 
189632 
189633 
189634 
189635 
189636 
189637 
189638 
189639 
189640 
189641 
189642 
189643 
189644 
189645 
189646 
189647 
189648 
189649 
189650 
189651 
189652 
189653 
189654 
189655 
189656 
189657 
189658 
189659 
189660 
189661 
189662 
189663 
189664 
189665 
189666 
189667 
189668 
189669 
189670 
189671 
189672 
189673 
189674 
189675 
189676 
189677 
189678 
189679 
189680 
189681 
189682 
189683 
189684 
189685 
189686 
189687 
189689 
189690 
189692 
189693 
189694 
189695 
189696 
189697 
189698 
189699 
189700 
189701 
189702 
189703 
189704 
189705 
189706 
189707 
189708 
189710 
189711 
189713 
189714 
189715 
189716 
189717 
189718 
189719 
189720 
189721 
189722 
189723 
189724 
189725 
189726 
189727 
189728 
189729 
189730 
189731 
189732 
189733 
189734 
189735 
189736 
189737 
189738 
189739 
189741 
189742 
189744 
189745 
189746 
189748 
189749 
189750 
189751 
189752 
189754 
189755 
189756 
189757 
189828 
189829 
189830 
189831 
189832 
189840 
189841 
189845 
189847 
189852 
189853 
189857 
189858 
189859 
189860 
189861 
189864 
189865 
189868 
189869 
189870 
189871 
189872 
189873 
189874 
189875 
189876 
189877 
189878 
189879 
189880 
189881 
189882 
189883 
189884 
189885 
189886 
189887 
189888 
189889 
189890 
189893 
189894 
189938 
189939 
189940 
189941 
189942 
189943 
189944 
189945 
189946 
189947 
189948 
189949 
189950 
189951 
189952 
189953 
189954 
189955 
189956 
189957 
189958 
189980 
189981 
189982 
189983 
189984 
189985 
189986 
189987 
189988 
189989 
189990 
189991 
189992 
189993 
189994 
189995 
189996 
189997 
189998 
189999 
190000 
190022 
190023 
190024 
190025 
190026 
190027 
190028 
190029 
190030 
190031 
190032 
190033 
190034 
190035 
190036 
190037 
190040 
190041 
190043 
190044 
190045 
190046 
190047 
190048 
190049 
190085 
190086 
190087 
190088 
190089 
190090 
190091 
190092 
190093 
190094 
91791 
190095 
91792 
190096 
190097 
190098 
91795 
190099 
190100 
190101 
190102 
91798 
190103 
91799 
190104 
91800 
91801 
190106 
91802 
91803 
190108 
91804 
91805 
190110 
91806 
91807 
91808 
190113 
91809 
190114 
91810 
190115 
91811 
91812 
190117 
91813 
91814 
190119 
91815 
190120 
91816 
190121 
91817 
190122 
91818 
190123 
91819 
190124 
91820 
190125 
91821 
190126 
91822 
190127 
91823 
190128 
91824 
190129 
91825 
91826 
190131 
91827 
190133 
91830 
91831 
91832 
190137 
91833 
91834 
190139 
91837 
91838 
190143 
91839 
91840 
190145 
91841 
91842 
91845 
91846 
91847 
91848 
91849 
91852 
91853 
91854 
91855 
91856 
91859 
91860 
91861 
91862 
91863 
91866 
91867 
91868 
190203 
190204 
190205 
190206 
190208 
190210 
190213 
190214 
190217 
190219 
190220 
190221 
190224 
190225 
190226 
190227 
190230 
190232 
190237 
190238 
190239 
190240 
190241 
190242 
190243 
190244 
190245 
190246 
190247 
190248 
190249 
190250 
190251 
190252 
190253 
190254 
190255 
190256 
190257 
190258 
190259 
190260 
190261 
190262 
190263 
190266 
190267 
190269 
190270 
190271 
190272 
190273 
190274 
190275 
190276 
190277 
190278 
190279 
190280 
190281 
190282 
190283 
190284 
190285 
190286 
190287 
190288 
190289 
190290 
190291 
190292 
190293 
190294 
190295 
190296 
190297 
190298 
190299 
190300 
190301 
190302 
190303 
190304 
190305 
190308 
190309 
190311 
190312 
190313 
190314 
190315 
190316 
190317 
190318 
190319 
190320 
190321 
190322 
190323 
190324 
190325 
190326 
190327 
190328 
190329 
190330 
190331 
190332 
190333 
190334 
190335 
190336 
190337 
190338 
190339 
190340 
190341 
190342 
190343 
190344 
190345 
190346 
190347 
190348 
190349 
190350 
190352 
190355 
190356 
190357 
190359 
190362 
190363 
190364 
190365 
190366 
190367 
190368 
190369 
190370 
190371 
190372 
190373 
190374 
190375 
190376 
190377 
190378 
190379 
190380 
190381 
190382 
190383 
190384 
190385 
190386 
190387 
190388 
190389 
190453 
190454 
190455 
190456 
190457 
190458 
190459 
190461 
190462 
190463 
190464 
190465 
190466 
190467 
190468 
190469 
190470 
190471 
190472 
190473 
190474 
190475 
190476 
190477 
190478 
190479 
190480 
190481 
190482 
190483 
190484 
190485 
190486 
190487 
190488 
190489 
190492 
190551 
190552 
190553 
190554 
190555 
190556 
190557 
190558 
190559 
190560 
190561 
190562 
190563 
190564 
190565 
190566 
190567 
190569 
190580 
190588 
190608 
190609 
190612 
190614 
190615 
190617 
190619 
190621 
190622 
190623 
190624 
190625 
190626 
190627 
190670 
190671 
190672 
190673 
190674 
190675 
190676 
190677 
92373 
190678 
92374 
92375 
92376 
92377 
190682 
92378 
92379 
190684 
190685 
190686 
190687 
190688 
190689 
190690 
190691 
190692 
190693 
190694 
190695 
190696 
190697 
190698 
190699 
190700 
190701 
190703 
190704 
190705 
190706 
190707 
190708 
190709 
190710 
190711 
190712 
190713 
190714 
190715 
92418 
92419 
92420 
92421 
92422 
92423 
92424 
92425 
92426 
92427 
92428 
92429 
190772 
92468 
190773 
92469 
92470 
190775 
92471 
190776 
92472 
190777 
92473 
190778 
190779 
190780 
190781 
190782 
190784 
190785 
190786 
190787 
190788 
190789 
190790 
190791 
190792 
190793 
190794 
190795 
190796 
190797 
190798 
190799 
190800 
190801 
190802 
190803 
190804 
190805 
190806 
190807 
190808 
190809 
190810 
190811 
190812 
190816 
190819 
190820 
190821 
190824 
190826 
190832 
190833 
190834 
190835 
190836 
190837 
190838 
190839 
190842 
190844 
190846 
190847 
190848 
190849 
190850 
190851 
190852 
190853 
190854 
190855 
190856 
190857 
190858 
190859 
190860 
190862 
190863 
190864 
190865 
190866 
190869 
190870 
190871 
190872 
190873 
190874 
190876 
190877 
190878 
190879 
92575 
190880 
92576 
92577 
190882 
92578 
190883 
92579 
190884 
190885 
190886 
190887 
190888 
190889 
190890 
190891 
190892 
190893 
190894 
190895 
190896 
190897 
190898 
190899 
190900 
190901 
190902 
92618 
92619 
190924 
92620 
190925 
92621 
190926 
92622 
190927 
190928 
92624 
190929 
92625 
190930 
92626 
190931 
92627 
190932 
92628 
190933 
92629 
190934 
190935 
190936 
190937 
190938 
190939 
190940 
190941 
190942 
190943 
190944 
190946 
190947 
190949 
92668 
92669 
190974 
92670 
190975 
92671 
190976 
92672 
190977 
92673 
190978 
92674 
92675 
92676 
190981 
92677 
190982 
92678 
92679 
190984 
190988 
190989 
190990 
190991 
190993 
190995 
190997 
190999 
92719 
92720 
92721 
92722 
92723 
191030 
191031 
191032 
191033 
191035 
191037 
191039 
191041 
191043 
191044 
191045 
191046 
191047 
191048 
191049 
191050 
191051 
191052 
191053 
191054 
191055 
191056 
191057 
191058 
191059 
191060 
191061 
191062 
191063 
191092 
191093 
191094 
191095 
191096 
191097 
191098 
191099 
191100 
191101 
191102 
191103 
191104 
191105 
191106 
191107 
191108 
191109 
191110 
191111 
191112 
191113 
191114 
191115 
191116 
191117 
191118 
191119 
191121 
191122 
191123 
191124 
191125 
191128 
191129 
191131 
191135 
191136 
191138 
191141 
191143 
191144 
191145 
191146 
191147 
191150 
191151 
191152 
191154 
191155 
191157 
191158 
191159 
191160 
191161 
191163 
191164 
191165 
191166 
191167 
191168 
191169 
191170 
191171 
191193 
191194 
191195 
191196 
191197 
191198 
191199 
191200 
191201 
191202 
191203 
191204 
191205 
191206 
191207 
191209 
191210 
191212 
191237 
191238 
191240 
191273 
191274 
191277 
191279 
191281 
191283 
191285 
191286 
191287 
191288 
191289 
191290 
191291 
191292 
191293 
191294 
191295 
191296 
191325 
191326 
191327 
191328 
191329 
191330 
191331 
191332 
191333 
191334 
191335 
191336 
191337 
191338 
191339 
191341 
191343 
191345 
191348 
191349 
191351 
191355 
191357 
191359 
191362 
191363 
191365 
191368 
191369 
191370 
191371 
191372 
191373 
191374 
191375 
191376 
191377 
191378 
191379 
191381 
191383 
191384 
191385 
191386 
191387 
191388 
191389 
191390 
191391 
191392 
191393 
191395 
191397 
191398 
191399 
191400 
191401 
191402 
191403 
191404 
191405 
191406 
191407 
191408 
191409 
191410 
191411 
191412 
191413 
191414 
191415 
191416 
191417 
191418 
191419 
191420 
191421 
191422 
191423 
191424 
191425 
191426 
191427 
191428 
191429 
191465 
191466 
191467 
191468 
191469 
191470 
191471 
191472 
191473 
191474 
191475 
191476 
191477 
191478 
191479 
191480 
191481 
191482 
191483 
191484 
191485 
191486 
191487 
191488 
191489 
191490 
191491 
191492 
191493 
191494 
93191 
191495 
191496 
93192 
191497 
93193 
191498 
191499 
191500 
93196 
191501 
93197 
191502 
191503 
191505 
93201 
93202 
191507 
191509 
93205 
93206 
93207 
93208 
93209 
93212 
93213 
93214 
93215 
93216 
93219 
93220 
93221 
93222 
93223 
93226 
93227 
93228 
93229 
93230 
93234 
93235 
93236 
93237 
191545 
93242 
191546 
191547 
93243 
191548 
93244 
191549 
93245 
191550 
191551 
191552 
191553 
191554 
93250 
191555 
93251 
191556 
93252 
191557 
93253 
191558 
191559 
191560 
191561 
93258 
191563 
93259 
93260 
191565 
93261 
191566 
191567 
191568 
191569 
191570 
93266 
191571 
93267 
191572 
93268 
191573 
93269 
191576 
191578 
93274 
191579 
93275 
191580 
93276 
191581 
93277 
191582 
191583 
191584 
191585 
191586 
93282 
93283 
191629 
191630 
191631 
191632 
191633 
191634 
191635 
191636 
191639 
191641 
191642 
191643 
191644 
191645 
191646 
191647 
191648 
191649 
191650 
191651 
191652 
191653 
191654 
191655 
191656 
191657 
191658 
191659 
191660 
191661 
191662 
191663 
191664 
191665 
191666 
191667 
191668 
191669 
191670 
191671 
191672 
191673 
191674 
191675 
191676 
191677 
191678 
191679 
191680 
191681 
191682 
191683 
191684 
191685 
191686 
191687 
191730 
191731 
191732 
191733 
191734 
191735 
191736 
191737 
191738 
191739 
191740 
191741 
191742 
191743 
191744 
191745 
191746 
191747 
191748 
191749 
191750 
191751 
191752 
191753 
191754 
191755 
191756 
191757 
191758 
191759 
191760 
191761 
191762 
191763 
191764 
191765 
191766 
191767 
191768 
191769 
191770 
191771 
191772 
191773 
191774 
191775 
191776 
191779 
191781 
191782 
191783 
191784 
191785 
191786 
191787 
191788 
191789 
191790 
191793 
191795 
191796 
191797 
191798 
191799 
191800 
191801 
191802 
191803 
191804 
191805 
191806 
191807 
191808 
191809 
191810 
191811 
191812 
191813 
191814 
191815 
191816 
191817 
191818 
191819 
191820 
191821 
191822 
191823 
191824 
191825 
191826 
191827 
191828 
191830 
191832 
191833 
191834 
191835 
191837 
191839 
191840 
191841 
191842 
191844 
191845 
191846 
191848 
191850 
191851 
191852 
191853 
191854 
191855 
191856 
191857 
191858 
191860 
191861 
191862 
191863 
191864 
191865 
191866 
191867 
191868 
191869 
191870 
191871 
191872 
191873 
191874 
191875 
191876 
191954 
191955 
191956 
191957 
191958 
191959 
191960 
191961 
191962 
191963 
191964 
191965 
191967 
191968 
191969 
191970 
191971 
191972 
191973 
191974 
191975 
191976 
191977 
191978 
191979 
191980 
191982 
191983 
191984 
191985 
191986 
191987 
191988 
191989 
191990 
191991 
191992 
191993 
191994 
191995 
191996 
191997 
191998 
191999 
192000 
192001 
192002 
192003 
192004 
192005 
192006 
192007 
192008 
192009 
192038 
192039 
192040 
192041 
192042 
192043 
192044 
192045 
192046 
192047 
192048 
192049 
192050 
192051 
192052 
192053 
93749 
192054 
93750 
192055 
93751 
192056 
93752 
93753 
192058 
93754 
192094 
192096 
192097 
93794 
192099 
93795 
192100 
93796 
192101 
93797 
192102 
93798 
192103 
93799 
192104 
93800 
192105 
93801 
192106 
93802 
192107 
93803 
192108 
93804 
192110 
192111 
192112 
192114 
192116 
192117 
192118 
192120 
192121 
192137 
192138 
192139 
192141 
192142 
93843 
93844 
93845 
93846 
93847 
93848 
192158 
192159 
192160 
192161 
192163 
192164 
192167 
192169 
192170 
192171 
192172 
192173 
192174 
192176 
192177 
192178 
192179 
192180 
192181 
192182 
192183 
192184 
192227 
192230 
192232 
192233 
192234 
192235 
192236 
192237 
192239 
192240 
192241 
192242 
192243 
192244 
192245 
192246 
192247 
192262 
192263 
192264 
192265 
192266 
192267 
192268 
192269 
192270 
192271 
192272 
192273 
192274 
192275 
192276 
192277 
192278 
192279 
192280 
192281 
192282 
192284 
192285 
192286 
192287 
192288 
192289 
192290 
192291 
192292 
192293 
192294 
192295 
192296 
192297 
192298 
192299 
192300 
192301 
192302 
192303 
192304 
192305 
192306 
192307 
192308 
94049 
94050 
94051 
94052 
94053 
94054 
192379 
192380 
192381 
192382 
192384 
192385 
192386 
192387 
192388 
192389 
192390 
192391 
192392 
192393 
192394 
192396 
192397 
94093 
192398 
94094 
192399 
94095 
192400 
94096 
192401 
94097 
192402 
192403 
94099 
192404 
94100 
192405 
94101 
192406 
94102 
192407 
94103 
192408 
94104 
192409 
192410 
192411 
192412 
192413 
192414 
192415 
192416 
192417 
192418 
192421 
192423 
192424 
192425 
192426 
192427 
192428 
192430 
192431 
192433 
192434 
192435 
192437 
192438 
192440 
192441 
192442 
192445 
192446 
94144 
192449 
94145 
94146 
192451 
94147 
192452 
94148 
192453 
192454 
192455 
192456 
192457 
192458 
192459 
192460 
192461 
192462 
192463 
192464 
192465 
192466 
192467 
192468 
192469 
192470 
192471 
192472 
192473 
192474 
192475 
192476 
192477 
192478 
192479 
192480 
192481 
192482 
192483 
192484 
192485 
192486 
192487 
192488 
192489 
192490 
192491 
192492 
192494 
192495 
192496 
192498 
192500 
192502 
192504 
192505 
192506 
192507 
192508 
192510 
192512 
192513 
192515 
192517 
192519 
192522 
192523 
192524 
192525 
192527 
192528 
192529 
192530 
192531 
192532 
192533 
192562 
192563 
192564 
192565 
192567 
192568 
192571 
192573 
192575 
192578 
192579 
192581 
192583 
192584 
192587 
192589 
192591 
192593 
192596 
192600 
192601 
192602 
192603 
192604 
192605 
192606 
192607 
192608 
192609 
192610 
192611 
192612 
192614 
192621 
192625 
192627 
192628 
192629 
192630 
192631 
192632 
192633 
192634 
192635 
192636 
192637 
192638 
192639 
192640 
192662 
192663 
192664 
192665 
192666 
192667 
192668 
192669 
192670 
192671 
192672 
192673 
192674 
192675 
192676 
192677 
192678 
192679 
192680 
192681 
192682 
192704 
192705 
192706 
192707 
192708 
192709 
192710 
192711 
192712 
192713 
192714 
192715 
192716 
192717 
192718 
192719 
192720 
192721 
192722 
192723 
192724 
192726 
192729 
192733 
192739 
192740 
192741 
192742 
192743 
192744 
192745 
192747 
192748 
192750 
192753 
192759 
192760 
192763 
192765 
192766 
192768 
192771 
192774 
192775 
192776 
192777 
192778 
192779 
192780 
192781 
192782 
192783 
192799 
192800 
192803 
192804 
192807 
192810 
192811 
192814 
192816 
192817 
192819 
192821 
192822 
192828 
192832 
192836 
192837 
192840 
192842 
192843 
160076 
192846 
192847 
192848 
160082 
192851 
160083 
192853 
192854 
192856 
160089 
192857 
160090 
192858 
192859 
192860 
192861 
192862 
192863 
160096 
192864 
160097 
192865 
192866 
192867 
192868 
192869 
192870 
192871 
192872 
192873 
192874 
192875 
192876 
160109 
192877 
192878 
160111 
192879 
192880 
192881 
192882 
192883 
192884 
160117 
192885 
192886 
160119 
192887 
192888 
192889 
192890 
160123 
192891 
192892 
192893 
192894 
192895 
192896 
192897 
192898 
192899 
160131 
192900 
192901 
192902 
192903 
192904 
192905 
192906 
192907 
160139 
192909 
192910 
192911 
192912 
192913 
192914 
192915 
192918 
160151 
192920 
192921 
160153 
94617 
192922 
192924 
192925 
94622 
192927 
160159 
192928 
192929 
160161 
192930 
94626 
192931 
94627 
192932 
192933 
192934 
192935 
160167 
160168 
192936 
94632 
94633 
94634 
94635 
192940 
192942 
160174 
192944 
94640 
94641 
192946 
94642 
192947 
94643 
192950 
160182 
94648 
94649 
94650 
94651 
160188 
160189 
192958 
160190 
192959 
160191 
192960 
160192 
94656 
192961 
160193 
94657 
192962 
160194 
94658 
192963 
160195 
94659 
192964 
160196 
160197 
160198 
160199 
160200 
160201 
94665 
160202 
94666 
160203 
94667 
160204 
160205 
160206 
192975 
160207 
94672 
160208 
160209 
94673 
192978 
160210 
94674 
160211 
94675 
160212 
94676 
160213 
160214 
160215 
160216 
160217 
94681 
192986 
160218 
94682 
192987 
160219 
94683 
192988 
160220 
94684 
192989 
160221 
192990 
192991 
192992 
192993 
94689 
160226 
192994 
94690 
160227 
192995 
94691 
192996 
94692 
160229 
192997 
160230 
192998 
160231 
192999 
160232 
193000 
193001 
94697 
94698 
160235 
94699 
193004 
94700 
160237 
193006 
193007 
94705 
94706 
94707 
94708 
160248 
160249 
94713 
193018 
94714 
160251 
94715 
193022 
193023 
193024 
193025 
193026 
193027 
193028 
193031 
193033 
193034 
193035 
193038 
193041 
193042 
193043 
193045 
193047 
193048 
193049 
193050 
193051 
193053 
193054 
193055 
160291 
160292 
160293 
160294 
193063 
160295 
160296 
160297 
160298 
193067 
160299 
160300 
193070 
160302 
160303 
193078 
193084 
193085 
193088 
160322 
193091 
160323 
160324 
160325 
160326 
193095 
160327 
160328 
160329 
160330 
160331 
160332 
193101 
193102 
193104 
193105 
193106 
193107 
193108 
193109 
193110 
193111 
193112 
193113 
193114 
193115 
193116 
193117 
193118 
193119 
193120 
193121 
193122 
160354 
160355 
160356 
160357 
160358 
160359 
160360 
160382 
160383 
160384 
160385 
160386 
160387 
160388 
160389 
160390 
160391 
160392 
160393 
160394 
160395 
160396 
160399 
160418 
160419 
160420 
160421 
160422 
160423 
160424 
160425 
160428 
160465 
160467 
160468 
160469 
160470 
160471 
160472 
160473 
160474 
160475 
160476 
160477 
160478 
160479 
160480 
160481 
160482 
160483 
160484 
160485 
160486 
160487 
160488 
160489 
160490 
160491 
160492 
160493 
160494 
160495 
160496 
160497 
160498 
160499 
160500 
160501 
160502 
160503 
160504 
160505 
160506 
160507 
160508 
160509 
160510 
160511 
160512 
160513 
160514 
160515 
160516 
160517 
160518 
160519 
160520 
160521 
160522 
160523 
160524 
160525 
160526 
160527 
160528 
160534 
160535 
160536 
160537 
160538 
160539 
160540 
160543 
160544 
160545 
160547 
160550 
160551 
160553 
160554 
160555 
160557 
160621 
160622 
160623 
160624 
160625 
160626 
160627 
160628 
160629 
160630 
160631 
160632 
160633 
160634 
160635 
160636 
160639 
160640 
160643 
160672 
160673 
160674 
160675 
160676 
160677 
160678 
160680 
160682 
160684 
160700 
160702 
160704 
160706 
160707 
160708 
160709 
160710 
160711 
160712 
160713 
95180 
95181 
95182 
95183 
95184 
95185 
95186 
160735 
160736 
160737 
160738 
160739 
160740 
160741 
95226 
160763 
95227 
160764 
95228 
160765 
95229 
160766 
95230 
160767 
95231 
160768 
95232 
160769 
95233 
95234 
160771 
95235 
95236 
160773 
160775 
160776 
160798 
160800 
160802 
160803 
160804 
160805 
160806 
160807 
160808 
160809 
160810 
95275 
95276 
95277 
95278 
95279 
95280 
160839 
160840 
160841 
160842 
160843 
160844 
160845 
160846 
160847 
160848 
160849 
160850 
160851 
160852 
160941 
160942 
160945 
160946 
160948 
160949 
160951 
160952 
160953 
160957 
160958 
160959 
160960 
160961 
160962 
160963 
160964 
160965 
160966 
160967 
160968 
160969 
160970 
160971 
160972 
160973 
160974 
160975 
160977 
160978 
160979 
160981 
160983 
160985 
160987 
160990 
160991 
160992 
160993 
160994 
160995 
160996 
160997 
160998 
160999 
161000 
161001 
161002 
161003 
161004 
161005 
161006 
161007 
161012 
161013 
161014 
161015 
95482 
95483 
95484 
95485 
95486 
161057 
161058 
161059 
161060 
161061 
95525 
161062 
95526 
161063 
95527 
161064 
95528 
161065 
95529 
161066 
161067 
95531 
161068 
95532 
161069 
95533 
95534 
95535 
95536 
161084 
161085 
161086 
161087 
161088 
161089 
161091 
161092 
161093 
161096 
95576 
95577 
95578 
95579 
95580 
95581 
95582 
161132 
161133 
161134 
161135 
161136 
161137 
161138 
161153 
161154 
161155 
161156 
161157 
95622 
95623 
161172 
161173 
161174 
161175 
161176 
161226 
161232 
161233 
161234 
161235 
161236 
161237 
161238 
161239 
161240 
161241 
161242 
161243 
161244 
161245 
161246 
161247 
161248 
161249 
161251 
161252 
161253 
161254 
161255 
161256 
161257 
161258 
161259 
161260 
161261 
161262 
161263 
161264 
161265 
161266 
161267 
161268 
161269 
161270 
161271 
161272 
161273 
161274 
161275 
161276 
161277 
161278 
161279 
161315 
161316 
161317 
161318 
161319 
161320 
161321 
161322 
161323 
161324 
161325 
161326 
161327 
161328 
161329 
161330 
161345 
161346 
161347 
161348 
161349 
161350 
161351 
161353 
161354 
161355 
194124 
161356 
194125 
161357 
194126 
194127 
194128 
194129 
194130 
194131 
194132 
194133 
194134 
194135 
194136 
194137 
194138 
194139 
194140 
194141 
194142 
194143 
194144 
194145 
194146 
194147 
194148 
194149 
194150 
194151 
161394 
161395 
161396 
161397 
161398 
161399 
161400 
161415 
161416 
161417 
161418 
161419 
161420 
161421 
161422 
161423 
161424 
161425 
161426 
161427 
161428 
161429 
161430 
161459 
161460 
161461 
161462 
161463 
161464 
161465 
161466 
161467 
161468 
161469 
161470 
161471 
161472 
161473 
161474 
161475 
161476 
161477 
161478 
161479 
161480 
161481 
161483 
161484 
161485 
161487 
161488 
161489 
161490 
161491 
161492 
161493 
161494 
161495 
161496 
161497 
161498 
161499 
161500 
161501 
161504 
161505 
161506 
161508 
161511 
161512 
161514 
161515 
161516 
161517 
161553 
161554 
161555 
161556 
161557 
161558 
161559 
161560 
161561 
161563 
161565 
161567 
161583 
161585 
161587 
161589 
96053 
161590 
161591 
161592 
161593 
161594 
96058 
161595 
161596 
161598 
96062 
96063 
161600 
161602 
96068 
96069 
96070 
96071 
96072 
96077 
96078 
96079 
96080 
96085 
96086 
96087 
96088 
161626 
161627 
96093 
161630 
96094 
161631 
96095 
96096 
96102 
96103 
96104 
96105 
96110 
161646 
161647 
96111 
161648 
96112 
161649 
96113 
161650 
161651 
161652 
161654 
96118 
96119 
161656 
96120 
96121 
161658 
96126 
96127 
96128 
96129 
96134 
96135 
96136 
96137 
161674 
161676 
161678 
96142 
96143 
161680 
96144 
161681 
96145 
161682 
161683 
161684 
161685 
161686 
96150 
161687 
96151 
161688 
161689 
161690 
161691 
161721 
161722 
161725 
161726 
161728 
161729 
161732 
161733 
161734 
161735 
161736 
161737 
161738 
161739 
161740 
161741 
161742 
161743 
161744 
161745 
161746 
161747 
161748 
161749 
161750 
161751 
161752 
161753 
161754 
161755 
161756 
161757 
161758 
161759 
161760 
161761 
161762 
161766 
161774 
161777 
161778 
161779 
161780 
161781 
161782 
161783 
161784 
161785 
161786 
161787 
161788 
161789 
161790 
161791 
161792 
161793 
161794 
161795 
161859 
161860 
161861 
161862 
161863 
161864 
161865 
161866 
161867 
161868 
161869 
161870 
161871 
161872 
161873 
161874 
161875 
161876 
161877 
161878 
161893 
161894 
161895 
161896 
161897 
161898 
161899 
161900 
161901 
161902 
161903 
161904 
161905 
161966 
161974 
162025 
162026 
162027 
162028 
162029 
162030 
162045 
162046 
162047 
162048 
162049 
162050 
162107 
162108 
162109 
162110 
162111 
162112 
162113 
162114 
162115 
162116 
162117 
162118 
162133 
162134 
162135 
162136 
162138 
162140 
162141 
162142 
162143 
162144 
162145 
162146 
162147 
162148 
162149 
162150 
162151 
162152 
162153 
96617 
162154 
96618 
162155 
96619 
96620 
162157 
96621 
96622 
162160 
162161 
162162 
162163 
162166 
162167 
162170 
162173 
162174 
162177 
162178 
162180 
162181 
162182 
162183 
96662 
96663 
96664 
96665 
96666 
96667 
96668 
96669 
96670 
96671 
96672 
162227 
162230 
162231 
162232 
162233 
162234 
162235 
162236 
162237 
162238 
162239 
162240 
162241 
162242 
162244 
162245 
162246 
96711 
162248 
96712 
96713 
162250 
96714 
162251 
96715 
162252 
96716 
162254 
162256 
162257 
162260 
162262 
162263 
162302 
162304 
162305 
162334 
162335 
162336 
162337 
162338 
162339 
162340 
162342 
162344 
162346 
162362 
162364 
162366 
162368 
162369 
162370 
162371 
162372 
162373 
162374 
162375 
162376 
162377 
162378 
162379 
162381 
162382 
162383 
162384 
162385 
162386 
162387 
162388 
162389 
162441 
162442 
162443 
162446 
162447 
162449 
162450 
162453 
162454 
96918 
96919 
96920 
96921 
162458 
96922 
162459 
162460 
162461 
162462 
162463 
162464 
162465 
162466 
162467 
162468 
162469 
162470 
162471 
162472 
162473 
162474 
162475 
162476 
162477 
162478 
162479 
162480 
162481 
162482 
162483 
162484 
162485 
162486 
162487 
162488 
162489 
162490 
162491 
162492 
162493 
162494 
162495 
162496 
162497 
96961 
162498 
96962 
162499 
96963 
162500 
96964 
162501 
96965 
162502 
162503 
96967 
162504 
96968 
162505 
96969 
162506 
96970 
162507 
96971 
162508 
96972 
162509 
162510 
162511 
162512 
162513 
162514 
162515 
162517 
162518 
162519 
162526 
162534 
162536 
162538 
162540 
162541 
162542 
162543 
97012 
97013 
97014 
97015 
97016 
162572 
162573 
162574 
162576 
162577 
162580 
162581 
162582 
162583 
162584 
162585 
162586 
162587 
162588 
162589 
162590 
162605 
162606 
162607 
162608 
162609 
162610 
162611 
162612 
162613 
162614 
162615 
162616 
162617 
162618 
162619 
162620 
162621 
162622 
162623 
162624 
162625 
195426 
195427 
195428 
195429 
162661 
195430 
162662 
195431 
162663 
195432 
162664 
195433 
162665 
195434 
162666 
195435 
162667 
195436 
162668 
195437 
162669 
195438 
162670 
195439 
162671 
195440 
162672 
195441 
162673 
195442 
162674 
195443 
162675 
162676 
162677 
195446 
162678 
195447 
162679 
162680 
195449 
162681 
195450 
162683 
195453 
195454 
195456 
195457 
195458 
195459 
195460 
195461 
195462 
195463 
195464 
195465 
195466 
195467 
195468 
195469 
195471 
195472 
195473 
195474 
195475 
195477 
162710 
195478 
195479 
162712 
195480 
195481 
195482 
195483 
195484 
195485 
162717 
195486 
162718 
195487 
162719 
195488 
162720 
195489 
162721 
162722 
195491 
162723 
162724 
195493 
162725 
162726 
195495 
162727 
162728 
195497 
162729 
195498 
162730 
195499 
195500 
195501 
195502 
195503 
195504 
195505 
195506 
195507 
195508 
195509 
195510 
195511 
195512 
195513 
162745 
195514 
162746 
195515 
162747 
195516 
162748 
195517 
162749 
195518 
162750 
195519 
162751 
195520 
162752 
195521 
162753 
195522 
162754 
195523 
195524 
195525 
162757 
195526 
162758 
195527 
195528 
195529 
162761 
195530 
162762 
195531 
162763 
195532 
162764 
195533 
195534 
162766 
195535 
162767 
195536 
195537 
195538 
195539 
195541 
195542 
195543 
195544 
195545 
195546 
195547 
195548 
195550 
195551 
195552 
195553 
195554 
195555 
195556 
195557 
195558 
195559 
195560 
195561 
195562 
195563 
195564 
195565 
195566 
195567 
195568 
195569 
195570 
195571 
195572 
195573 
195574 
195575 
195576 
195577 
195578 
195579 
162812 
195580 
162813 
195581 
195582 
195583 
195584 
195585 
195586 
162819 
195588 
162820 
195591 
195592 
195593 
162825 
195594 
162826 
195595 
162827 
195596 
162828 
195597 
162829 
162830 
195599 
162831 
195600 
162832 
162833 
162834 
162835 
195604 
162836 
195605 
162837 
162838 
195607 
162839 
162840 
162841 
162842 
195611 
162843 
195612 
162844 
195613 
162845 
195614 
162846 
195615 
162847 
162848 
195617 
162849 
162850 
195619 
162851 
195620 
162852 
195621 
162853 
195622 
162854 
195623 
162855 
195624 
162856 
162857 
162858 
162859 
162860 
162861 
162862 
162863 
162864 
162865 
162866 
162867 
162868 
162869 
162870 
162871 
162872 
162873 
162880 
162881 
162882 
162883 
162884 
162885 
162886 
162887 
162889 
162890 
162892 
162893 
162894 
162897 
162899 
162900 
162901 
162902 
162903 
162904 
162905 
162906 
162907 
162915 
162922 
162927 
162928 
162932 
162934 
162935 
162936 
162937 
162938 
162939 
162940 
130174 
130175 
130176 
130177 
130178 
130179 
162948 
130180 
162949 
130181 
162950 
130182 
130183 
130184 
130185 
130186 
130187 
130188 
130189 
162958 
130190 
162959 
130191 
162960 
130192 
162961 
130193 
162962 
130194 
130195 
130196 
130197 
130198 
130199 
162968 
130200 
162969 
130201 
130202 
130203 
130204 
130205 
130206 
130207 
162976 
130208 
130209 
130210 
130211 
130212 
130213 
130214 
162983 
130216 
130217 
130218 
130219 
162988 
130220 
130221 
130223 
162992 
130225 
162993 
162994 
162995 
162996 
162997 
130234 
130241 
130243 
130245 
130247 
130248 
130250 
130251 
130252 
97485 
97490 
130261 
130262 
97494 
97495 
130264 
130265 
130267 
97500 
130269 
97501 
130270 
97502 
130271 
97503 
130272 
130273 
130274 
130275 
130276 
97508 
130277 
97509 
130278 
97510 
130279 
97511 
130280 
130281 
130283 
97516 
97517 
97518 
130287 
97519 
130289 
130291 
97524 
97525 
130294 
97526 
130295 
97527 
130296 
130297 
130298 
195835 
130299 
195836 
130300 
195837 
130301 
97533 
195838 
130302 
97534 
97535 
195839 
130303 
195840 
130304 
195841 
130305 
97538 
195842 
130306 
195843 
130307 
97539 
195844 
130308 
97540 
195845 
130309 
97541 
195846 
130310 
97542 
195847 
130311 
97543 
195848 
97544 
195849 
97545 
195850 
97546 
195851 
97547 
195852 
97548 
195853 
97549 
195854 
97550 
195855 
130319 
97551 
195856 
97552 
195857 
97553 
195858 
97554 
195859 
97555 
195860 
97556 
195861 
97557 
195862 
130326 
97558 
195863 
130327 
97559 
195864 
130328 
97560 
195865 
130329 
97561 
195866 
130330 
97562 
195867 
130331 
97563 
195868 
130332 
97564 
195869 
130333 
97565 
195870 
130334 
97566 
195871 
130335 
97567 
195872 
130336 
97568 
195873 
130337 
97569 
195874 
130338 
195875 
130339 
195876 
130340 
97572 
195877 
130341 
97573 
195878 
130342 
97574 
195879 
130343 
195880 
130344 
195881 
130345 
195882 
130346 
130347 
130348 
130349 
130350 
130351 
130352 
130353 
130355 
130368 
130369 
130370 
130371 
130372 
130373 
130374 
130375 
130376 
130377 
130378 
130379 
130380 
130381 
195918 
130382 
195919 
130383 
130384 
130385 
130387 
195924 
130391 
195930 
130394 
130399 
130400 
130401 
130402 
130403 
130404 
130405 
130408 
130410 
195947 
130411 
130414 
195951 
130416 
130417 
130418 
130419 
130422 
130424 
130428 
195968 
195974 
130439 
195976 
195977 
195978 
195979 
195980 
195981 
130445 
130446 
195982 
195983 
195984 
195985 
195986 
130450 
195987 
130452 
195988 
195989 
130454 
195990 
195991 
130455 
195992 
130456 
195993 
130457 
195994 
130458 
195995 
130459 
195996 
130460 
195997 
130461 
195998 
130462 
195999 
130463 
196000 
130464 
196001 
130465 
196002 
130466 
196003 
130467 
196004 
130468 
196005 
130469 
196006 
130470 
196007 
130471 
196008 
130472 
196009 
130473 
196010 
130474 
196011 
130475 
196012 
130476 
196013 
130477 
196014 
130478 
196015 
130479 
196016 
130480 
196017 
130481 
196018 
130482 
196019 
130483 
196020 
130484 
196021 
130485 
196022 
130486 
196023 
130487 
196024 
130488 
196025 
130489 
196026 
130490 
196027 
130491 
196028 
130492 
196029 
130493 
196030 
130494 
196031 
130495 
196032 
130496 
196033 
130497 
196034 
130498 
196035 
130499 
196036 
130500 
196037 
130501 
130502 
196038 
196039 
130503 
196040 
130504 
196041 
130505 
130506 
196043 
130507 
196044 
130508 
196045 
130509 
196047 
196048 
130512 
196049 
130513 
196050 
130514 
130515 
196051 
130516 
196052 
196053 
196054 
196055 
130519 
196056 
130520 
196057 
130521 
130522 
196058 
196059 
130523 
196060 
130524 
196061 
130525 
196062 
130526 
196063 
130527 
196064 
130528 
196065 
130529 
196066 
130530 
196067 
130531 
196068 
130532 
130533 
196069 
130534 
196070 
196071 
130535 
196072 
130537 
196073 
196074 
130538 
130539 
196075 
196076 
196077 
130541 
196078 
130542 
196079 
196080 
196081 
130546 
196082 
196083 
130547 
196084 
130548 
196085 
196086 
130551 
196087 
196088 
196089 
130553 
130554 
196090 
196097 
196098 
196099 
196100 
196101 
196102 
196103 
196104 
196105 
196106 
196107 
196108 
196109 
196110 
196111 
196112 
196113 
196114 
196115 
196116 
196117 
196118 
196119 
196120 
196121 
130588 
130589 
130592 
196128 
196129 
130593 
196130 
196131 
196132 
196133 
196134 
130598 
196135 
130599 
196136 
130600 
196137 
130601 
196138 
130602 
196139 
130603 
196140 
130604 
130605 
130606 
130608 
130610 
130612 
130615 
130617 
130619 
130620 
130621 
130622 
130623 
130624 
130625 
130626 
130627 
130628 
130629 
130630 
130631 
130632 
196175 
196176 
196177 
196178 
196179 
196180 
196181 
196182 
196183 
130647 
196184 
130648 
196185 
130649 
196186 
130650 
196187 
130651 
196188 
130652 
130654 
130655 
130656 
130657 
130659 
130675 
130676 
130677 
130679 
130681 
130682 
130683 
130684 
130685 
196221 
196222 
130687 
196223 
196224 
196225 
196226 
196227 
196228 
196229 
196230 
196231 
196232 
196233 
196234 
196235 
196236 
196237 
196238 
196239 
130703 
196240 
130704 
196241 
130705 
196242 
130707 
196243 
196244 
196245 
196246 
130710 
196247 
130711 
196248 
130712 
130714 
130715 
130716 
130731 
130732 
130733 
130734 
130736 
130737 
130738 
130739 
130740 
130741 
130742 
130745 
196283 
130747 
196284 
196285 
130749 
196286 
196287 
196288 
130752 
196289 
196290 
130754 
196291 
130755 
196292 
130756 
196293 
130757 
196294 
130758 
196295 
130759 
196296 
130760 
196297 
130761 
130762 
196298 
130763 
196299 
196300 
130764 
130765 
196301 
196302 
196303 
196304 
196305 
130769 
196306 
196307 
130771 
196308 
130772 
196309 
196310 
196311 
196312 
196313 
196314 
196315 
196316 
196317 
196318 
196319 
196320 
196321 
196322 
196323 
196324 
130802 
130803 
130804 
130806 
130809 
130810 
130811 
130812 
130815 
130816 
130817 
196356 
130820 
196357 
130821 
196358 
130822 
196359 
130823 
196360 
130824 
196361 
130825 
196362 
130826 
196363 
130827 
196364 
130828 
196365 
130829 
196366 
130830 
196367 
130831 
196368 
130832 
196369 
130833 
196370 
130834 
130835 
196371 
196372 
130836 
196373 
130837 
196374 
130838 
196375 
196376 
130841 
130842 
130843 
130844 
130845 
98078 
98079 
130848 
98080 
130849 
98081 
130850 
98082 
130851 
98083 
130852 
98084 
130853 
130854 
130856 
130857 
130858 
130859 
130860 
130861 
130862 
130863 
130864 
130865 
130866 
130867 
130868 
130869 
130870 
130871 
130872 
130873 
130874 
196410 
196411 
130875 
196412 
130876 
130877 
196413 
196414 
130878 
196415 
130880 
196416 
196417 
196418 
196419 
196420 
130884 
196421 
130885 
196422 
130886 
130887 
196423 
196424 
130888 
196425 
130889 
196426 
130890 
196427 
130891 
196428 
130892 
98124 
196429 
130893 
98125 
196430 
130894 
98126 
196431 
130895 
98127 
196432 
130896 
98128 
196433 
130898 
196434 
98130 
196435 
130899 
98131 
196436 
130900 
98132 
130901 
196437 
98133 
196438 
98134 
130903 
196439 
196440 
196441 
130905 
196442 
130906 
196443 
130908 
196444 
196445 
196446 
196447 
196448 
196449 
196450 
196451 
196452 
196453 
196454 
196455 
196456 
196457 
196458 
196459 
196460 
196461 
196462 
196463 
196464 
196465 
196466 
196467 
196468 
196469 
196470 
196471 
196472 
196473 
196474 
196475 
196476 
196477 
98173 
196478 
98174 
196479 
98175 
196480 
98176 
196481 
98177 
196482 
98178 
196483 
196484 
98180 
196485 
98181 
196486 
98182 
196487 
98183 
196488 
196489 
196490 
196491 
130955 
196492 
130956 
196493 
130957 
196494 
130958 
196495 
130959 
196496 
130960 
130961 
196497 
196498 
130962 
196499 
196500 
130964 
196501 
196502 
130966 
196503 
196504 
196505 
130969 
196506 
196507 
130971 
196508 
196509 
130973 
196510 
130974 
196511 
130975 
196512 
130976 
196513 
130977 
196514 
130978 
196515 
130979 
196516 
130980 
196517 
130981 
196518 
130982 
196519 
130983 
196520 
130984 
130985 
196521 
196522 
130986 
196523 
196524 
196525 
196526 
196527 
196528 
98224 
196529 
98225 
196530 
98226 
196531 
98227 
196532 
196533 
196534 
98230 
196535 
98231 
196536 
98232 
196537 
98233 
196538 
196539 
196540 
196541 
196542 
196543 
196544 
196545 
196546 
196547 
196548 
196549 
196550 
196551 
131015 
196552 
131016 
196553 
131017 
196554 
131018 
196555 
131019 
196556 
131020 
131021 
196557 
196558 
131022 
131023 
196559 
196560 
131025 
196561 
196562 
196563 
196564 
196565 
196566 
196567 
196568 
196569 
196570 
196571 
196572 
196573 
196574 
196575 
196576 
196577 
196578 
98274 
196579 
131043 
98275 
196580 
98276 
196581 
98277 
196582 
131047 
98279 
196583 
196584 
98280 
196585 
98281 
196586 
98282 
196587 
131051 
98283 
196588 
131052 
98284 
196589 
196590 
131055 
196591 
196592 
196593 
196594 
196595 
196596 
196597 
196598 
196599 
196600 
196601 
196602 
196603 
196604 
196605 
196606 
131071 
196607 
)

// ************************************************************************* //
