/*--------------------------------*- C++ -*----------------------------------*\
  =========                 |
  \\      /  F ield         | OpenFOAM: The Open Source CFD Toolbox
   \\    /   O peration     | Website:  https://openfoam.org
    \\  /    A nd           | Version:  6
     \\/     M anipulation  |
\*---------------------------------------------------------------------------*/
FoamFile
{
    version     2.0;
    format      ascii;
    class       cellSet;
    location    "constant/polyMesh/sets";
    object      outlets;
}
// * * * * * * * * * * * * * * * * * * * * * * * * * * * * * * * * * * * * * //


5554
(
131072 
131073 
131074 
131075 
131076 
131077 
131078 
131079 
131081 
131082 
131083 
131084 
131085 
98318 
98319 
131088 
98320 
131089 
98321 
131090 
98322 
131091 
98323 
98324 
131093 
98325 
98326 
131095 
98327 
98328 
131097 
98329 
98330 
131099 
98331 
98332 
131101 
98333 
131102 
98334 
131103 
98335 
131104 
98336 
131105 
98337 
131106 
98338 
98339 
98340 
131109 
131110 
131111 
131112 
131113 
131116 
131117 
131118 
131121 
98368 
98369 
98370 
98371 
98372 
98373 
98374 
131143 
98375 
131144 
98376 
98377 
98378 
131147 
131148 
131150 
131151 
131154 
131155 
131156 
131158 
131159 
131160 
131161 
131162 
131163 
131164 
131165 
131166 
131167 
131168 
131169 
131170 
131171 
131172 
131173 
131174 
131175 
131176 
131178 
131180 
131181 
131182 
131183 
131201 
131202 
131203 
131204 
131205 
131206 
131207 
131208 
131209 
131210 
131211 
131212 
131213 
131214 
131215 
131216 
131217 
131218 
131219 
131220 
131221 
131222 
131224 
131225 
131226 
131227 
131228 
131229 
131233 
131244 
131245 
131246 
131247 
131248 
131249 
131250 
131251 
131252 
131253 
131254 
131255 
131256 
131257 
131291 
131292 
131294 
131295 
131296 
131298 
131300 
131301 
131302 
131304 
131319 
131323 
131341 
131345 
131346 
131347 
131348 
131349 
131350 
131351 
131352 
131354 
131356 
131358 
131360 
131362 
131363 
131364 
131366 
131367 
131368 
131369 
131370 
131371 
131372 
131373 
131374 
131375 
131376 
131377 
131378 
131379 
131380 
131382 
131384 
131386 
131388 
131389 
131390 
131392 
131393 
131394 
131395 
131396 
131397 
131398 
131399 
131400 
131401 
131405 
131437 
131438 
131441 
131442 
131444 
131445 
131448 
131449 
131476 
131480 
131481 
131482 
131483 
131484 
131485 
131486 
131487 
131488 
131489 
131490 
131491 
131492 
131493 
131494 
131496 
131500 
131506 
131507 
131508 
131509 
131510 
131511 
131512 
131513 
131514 
131515 
131516 
131517 
131518 
131519 
131530 
131531 
131533 
131534 
131535 
131537 
131539 
131540 
131541 
131543 
131557 
131558 
131559 
131560 
131561 
98793 
131562 
98794 
131563 
98795 
98796 
131565 
98797 
131567 
131569 
131571 
131573 
131574 
131575 
131577 
131578 
131579 
131580 
131581 
131582 
131583 
131584 
131586 
98819 
131588 
98820 
98821 
131590 
98822 
98823 
131592 
98824 
131593 
131594 
131596 
131597 
131598 
131599 
131600 
131601 
131602 
131603 
131604 
131605 
98843 
98844 
98845 
98846 
98847 
98848 
131617 
131618 
131621 
131622 
131624 
131625 
197162 
131628 
131629 
98864 
98865 
98866 
98867 
98868 
98869 
131640 
131641 
131642 
131643 
131644 
131645 
131646 
131647 
131648 
131649 
131650 
98882 
131651 
98883 
131652 
98884 
131653 
98885 
98886 
98887 
131660 
131661 
131662 
197199 
131664 
98896 
131665 
98897 
131666 
98898 
131667 
98899 
131668 
98900 
131669 
131670 
131671 
131672 
131673 
98905 
98906 
98907 
98908 
98909 
98912 
98913 
98914 
98915 
98916 
98918 
98919 
98920 
98921 
98922 
98923 
98926 
98927 
98928 
98929 
98930 
131699 
131700 
98933 
131702 
98934 
131703 
98935 
98936 
131705 
98937 
131706 
131708 
131709 
131710 
98942 
131711 
98943 
98947 
98948 
131721 
98953 
98954 
98960 
98965 
98966 
98971 
98972 
131742 
131743 
131744 
131745 
131746 
131747 
131748 
131750 
98982 
98983 
131752 
131754 
131756 
131758 
131760 
131761 
131762 
131763 
131764 
131765 
131766 
131768 
99000 
131769 
99001 
131770 
131771 
131772 
131773 
131774 
131775 
131776 
131778 
131780 
131782 
131784 
131785 
131786 
131787 
131788 
99021 
131790 
99022 
131791 
131792 
131793 
131794 
131795 
131796 
131797 
99045 
99046 
131828 
131829 
131831 
131832 
131833 
131835 
131836 
131839 
131840 
99072 
99073 
131861 
131864 
131865 
131866 
131867 
131868 
131869 
99101 
99102 
131870 
131871 
131872 
131873 
131874 
131875 
131876 
131877 
131879 
131887 
131889 
131894 
131895 
131896 
131898 
131899 
131900 
131901 
131902 
131903 
131904 
131905 
131906 
131907 
131908 
131909 
131910 
131911 
131912 
131913 
131914 
131915 
131916 
131917 
131918 
131919 
131920 
131921 
131922 
131923 
131925 
131943 
131945 
131949 
131950 
131951 
131952 
131953 
131954 
131956 
131957 
131958 
131959 
131960 
131961 
131962 
131963 
131964 
131965 
131966 
131967 
131968 
131969 
131970 
131971 
131972 
131973 
131974 
131975 
131976 
131977 
131979 
131983 
131985 
131989 
131992 
131995 
132019 
132020 
132023 
132026 
132027 
132031 
132033 
132037 
132041 
132045 
132047 
132048 
132051 
132054 
132055 
197594 
132060 
132061 
132062 
197599 
132063 
132064 
132065 
132066 
132067 
132068 
132069 
132070 
132071 
132072 
132073 
132074 
132075 
132076 
132077 
132078 
132079 
132080 
132081 
132082 
132083 
132084 
132086 
132087 
132088 
132089 
132090 
132091 
132092 
132093 
132094 
132095 
132096 
132097 
132098 
132099 
132100 
132101 
132102 
132103 
132104 
132105 
132106 
132107 
132108 
132109 
132110 
132111 
132112 
132113 
132114 
132115 
132116 
132117 
132118 
132119 
132120 
132121 
132122 
132123 
132124 
132125 
132126 
132127 
132128 
132129 
132130 
132131 
132132 
132133 
132134 
132135 
132136 
132137 
132138 
132139 
132140 
132141 
132142 
132143 
132144 
132145 
132146 
132147 
132148 
132149 
132150 
132151 
132152 
132153 
132154 
132155 
132157 
132158 
132159 
132160 
132161 
132162 
132163 
132164 
132165 
132166 
132168 
132172 
132176 
132180 
132182 
132186 
132188 
132190 
132193 
132200 
132202 
132204 
132224 
132225 
132229 
132231 
132232 
132235 
132237 
132239 
132241 
132244 
132245 
132246 
132247 
132248 
132249 
132250 
132251 
132252 
132253 
132254 
132255 
132256 
132257 
132258 
132259 
132260 
132261 
132262 
132263 
132264 
132265 
132266 
132267 
132268 
132269 
132270 
132271 
132273 
132275 
132293 
132294 
132295 
99529 
132299 
132300 
132301 
132302 
132303 
132304 
132305 
132306 
132307 
132308 
132309 
132310 
132311 
132312 
132313 
132314 
132315 
132316 
132317 
132318 
132319 
132320 
132321 
132322 
132323 
132324 
132325 
132326 
132327 
132329 
132330 
132333 
99568 
99579 
132347 
132348 
99580 
132349 
99581 
99584 
99585 
99586 
132355 
99587 
132356 
99588 
99589 
99590 
132361 
99619 
99620 
99621 
99622 
99623 
99624 
99626 
99628 
99629 
99630 
99631 
99632 
99633 
99634 
132403 
99635 
132404 
99636 
132405 
99637 
99638 
99639 
99640 
132409 
132410 
132411 
99668 
99669 
99670 
99671 
99672 
99673 
99674 
132443 
99675 
99676 
99677 
99678 
99679 
132467 
132468 
132469 
132474 
132475 
132476 
132480 
132481 
132482 
132483 
132489 
132490 
132495 
132496 
132497 
132502 
132503 
132504 
132506 
132509 
132511 
132516 
132517 
132524 
132543 
132545 
132573 
132574 
132575 
132577 
132580 
132581 
132582 
132583 
132622 
132623 
132624 
132629 
132630 
132631 
132637 
132638 
198417 
198419 
198420 
198421 
198422 
198423 
198425 
198427 
198428 
198429 
198430 
198458 
198460 
198461 
198462 
198463 
198464 
198466 
198468 
198469 
198470 
198471 
100183 
100184 
100185 
100186 
100211 
100212 
100235 
100236 
100256 
100257 
100274 
100275 
100287 
100288 
100295 
100296 
100302 
198610 
198611 
100307 
198612 
100308 
198613 
198614 
198615 
198617 
198618 
100314 
198619 
198620 
198621 
198622 
100319 
198624 
100320 
198625 
198626 
198627 
198628 
198629 
198631 
198632 
198633 
198634 
198635 
198636 
198637 
198640 
198641 
198642 
198643 
198644 
198647 
198648 
198649 
198650 
198651 
198654 
198655 
198656 
198657 
198658 
198661 
198662 
198663 
198664 
198797 
198799 
198800 
198801 
198802 
198803 
198805 
198807 
198808 
198809 
198810 
198838 
198840 
198841 
198842 
198843 
198844 
198846 
198848 
198849 
198850 
198851 
198867 
198868 
198869 
198870 
198871 
198872 
198873 
198874 
198875 
198876 
198877 
198878 
198879 
198880 
198887 
198889 
198890 
198891 
198892 
198893 
198895 
198897 
198898 
198899 
198900 
199041 
199042 
199043 
199044 
199045 
199046 
199048 
199049 
199050 
199051 
199052 
199053 
199054 
199055 
199056 
199057 
199058 
199059 
199060 
199061 
199062 
199063 
199064 
199065 
199066 
199067 
199068 
199069 
199070 
199071 
199072 
199073 
199074 
199075 
199076 
199077 
199078 
199079 
199080 
199081 
199082 
199085 
199086 
199087 
199088 
199242 
199244 
199245 
199246 
199247 
199248 
199250 
199252 
199253 
199254 
199255 
199263 
199264 
199265 
199266 
199267 
199268 
199269 
199270 
199271 
199272 
199273 
199274 
199275 
199276 
199277 
199278 
199279 
199280 
199281 
199282 
199283 
199284 
199285 
199286 
199287 
199288 
199289 
199290 
199335 
199336 
199337 
199338 
199339 
199340 
199341 
199342 
199343 
199344 
199345 
199346 
199347 
199348 
199349 
199350 
199351 
199352 
199353 
199354 
199355 
199356 
199357 
199358 
199359 
199360 
199361 
199362 
199421 
199422 
199423 
199424 
199425 
199426 
199427 
199428 
199429 
199430 
199431 
199432 
199433 
199434 
199784 
199801 
199803 
199809 
199818 
199820 
199826 
199945 
199946 
199952 
199953 
199959 
199960 
199966 
199967 
199973 
199974 
199979 
199986 
199993 
200000 
200007 
200125 
200127 
200133 
200143 
200145 
200151 
200167 
200169 
200192 
200194 
200200 
200342 
200343 
200349 
200350 
200355 
200362 
200494 
200496 
200502 
201857 
201858 
201859 
201861 
201988 
201989 
201991 
201993 
90448 
90449 
90455 
90456 
90457 
90460 
90461 
90462 
90463 
90466 
90467 
90468 
90469 
90473 
90474 
90475 
90478 
90479 
90480 
90488 
90489 
90490 
90491 
90506 
90507 
90508 
90509 
90527 
90528 
90529 
90530 
90551 
90552 
90553 
90554 
90579 
90580 
90581 
90607 
90608 
90609 
90610 
91032 
91034 
91035 
91038 
91039 
91040 
91041 
91043 
91071 
91072 
91073 
91074 
91075 
91078 
91079 
91082 
91083 
91084 
91085 
91086 
91087 
91088 
91089 
91090 
91091 
91092 
91093 
91121 
91122 
91123 
91124 
91125 
91126 
91127 
91128 
91129 
91130 
91131 
91132 
91133 
91134 
91135 
91136 
91137 
91138 
91139 
91140 
91141 
91142 
91171 
91172 
91173 
91174 
91175 
91176 
91177 
91178 
91179 
91180 
91181 
91182 
91183 
91184 
91185 
91186 
91187 
91188 
91189 
91190 
91191 
91192 
91193 
91221 
91222 
91223 
91224 
91225 
91226 
91227 
91228 
91229 
91230 
91231 
189672 
189674 
189676 
189677 
189678 
189680 
189681 
189682 
189684 
189685 
189686 
189687 
189688 
189689 
189690 
189691 
189692 
189693 
189695 
189697 
189698 
189699 
189702 
189704 
189705 
189706 
189707 
189708 
189709 
189710 
189711 
189712 
189713 
189715 
189716 
189717 
189719 
189760 
189761 
189763 
189764 
189765 
189766 
189767 
189768 
189770 
189771 
189772 
189773 
189774 
189775 
189776 
189777 
189778 
189779 
189781 
189782 
189784 
189785 
189786 
189787 
189788 
189789 
189791 
189792 
189793 
189794 
189796 
189798 
189799 
189800 
189802 
189803 
189805 
189806 
189809 
189810 
189812 
189813 
189814 
189815 
189816 
189817 
189818 
189819 
189820 
189821 
189822 
189823 
189824 
189826 
189827 
189876 
189878 
189880 
189881 
189882 
189883 
189884 
189885 
189887 
189888 
189889 
189890 
189891 
189892 
189893 
189894 
189895 
189897 
189899 
189901 
189902 
189903 
189904 
189905 
189906 
189908 
189909 
189910 
189911 
189912 
189913 
189914 
189915 
189916 
189920 
189923 
189924 
189925 
189926 
189927 
189929 
189930 
189931 
189932 
189933 
189934 
189935 
189936 
189937 
189939 
189941 
189943 
189944 
189945 
189947 
189948 
189950 
189951 
189952 
189953 
189955 
189957 
189958 
189959 
189961 
189962 
189964 
189965 
189966 
189967 
189968 
189969 
189971 
189972 
189973 
189975 
189976 
189978 
189979 
189980 
189982 
189983 
189985 
189986 
189987 
189988 
189990 
91687 
91688 
189992 
189993 
91689 
91690 
189994 
189995 
189997 
189999 
190000 
190001 
190002 
190003 
190004 
190006 
190007 
190008 
190009 
190011 
190013 
190014 
190015 
190018 
91714 
91715 
190020 
91716 
190021 
91717 
190022 
190025 
190027 
190028 
190029 
190032 
190034 
190035 
190036 
190037 
190038 
190039 
190040 
190041 
190042 
91738 
190043 
91739 
190044 
91740 
190045 
91741 
190046 
190047 
190049 
190052 
190053 
190055 
190056 
190057 
190058 
190059 
190060 
190061 
190062 
190063 
91759 
190064 
91760 
190065 
91761 
190066 
91762 
190067 
190068 
190070 
190071 
190072 
190073 
190074 
190075 
190076 
190077 
190078 
190080 
190081 
91777 
190082 
91778 
91779 
190084 
91780 
190088 
190090 
190092 
190094 
190095 
91791 
190096 
91792 
91793 
190098 
91799 
91800 
91801 
91804 
91805 
91806 
91807 
91810 
91811 
91812 
91813 
91817 
91818 
91819 
91822 
91823 
91824 
91826 
91827 
91828 
91829 
91830 
91831 
91834 
91835 
91836 
91837 
91838 
91841 
91842 
91843 
91844 
91845 
91846 
190151 
91848 
190153 
91849 
91850 
190155 
91851 
190156 
91852 
190157 
91853 
190158 
190159 
91855 
190160 
91856 
190161 
91857 
91858 
190163 
91859 
190164 
91860 
190165 
190166 
91862 
190167 
91863 
190168 
91864 
190169 
91865 
190170 
91866 
190171 
91867 
190172 
190173 
190174 
190176 
190177 
190178 
91874 
190179 
91875 
91876 
190181 
91877 
91878 
190183 
91879 
190184 
190185 
190186 
190187 
190188 
190189 
190190 
190191 
190192 
190193 
190194 
190195 
190196 
91892 
91893 
190198 
91894 
91895 
91896 
91897 
91913 
91914 
91915 
91916 
91917 
91918 
91937 
91938 
91939 
91940 
91941 
91942 
190250 
190251 
190253 
190254 
190255 
190256 
190257 
190258 
190260 
190261 
190262 
190263 
190264 
190265 
190266 
190267 
190268 
190269 
91965 
91966 
190271 
91967 
190272 
91968 
91969 
190274 
190275 
190276 
190278 
190279 
190281 
190282 
190283 
190285 
190286 
190288 
190289 
190290 
190292 
190293 
190295 
190296 
91993 
91994 
190299 
190300 
190302 
91998 
190303 
190304 
190305 
190306 
190307 
190308 
190309 
190310 
190311 
190312 
190313 
190314 
190316 
190317 
190334 
190335 
190336 
190337 
190339 
190340 
190341 
190343 
190345 
190347 
190348 
190349 
190350 
190351 
190352 
190353 
190354 
190355 
190356 
190357 
190358 
190359 
190360 
190361 
190362 
190364 
190366 
190368 
190390 
190391 
190393 
190395 
190396 
190397 
190398 
190399 
190400 
190401 
190402 
190403 
190404 
190405 
190406 
190407 
190408 
190409 
190410 
190411 
190412 
190413 
190414 
190416 
190417 
190418 
190419 
190420 
190421 
190422 
190423 
190424 
190425 
190426 
190427 
190428 
190429 
190431 
190432 
190433 
190434 
190436 
190438 
190439 
190440 
190441 
190443 
190445 
190446 
190447 
190448 
190450 
190451 
190452 
190474 
190475 
190476 
190477 
190479 
190480 
190481 
190482 
190484 
190486 
190487 
190488 
190489 
190490 
190491 
190492 
190493 
190494 
190495 
190496 
190497 
190498 
190500 
190501 
190503 
190505 
190506 
190507 
190510 
190512 
190514 
190517 
190518 
190520 
190523 
190524 
190525 
190526 
190527 
190528 
190529 
190530 
190531 
190532 
190533 
190534 
190535 
190536 
190537 
190538 
190539 
190541 
190543 
190544 
190545 
190546 
190547 
190549 
190550 
190551 
190552 
190553 
190554 
190556 
190557 
190558 
190561 
190563 
190564 
190565 
190566 
190567 
190568 
190569 
190570 
190571 
190572 
190573 
190574 
190575 
190576 
190577 
190578 
190579 
190580 
190581 
190582 
190583 
190584 
190585 
190586 
190587 
190588 
190589 
190590 
190591 
190592 
190593 
190594 
190595 
190596 
190597 
190598 
190599 
190600 
190601 
190602 
190603 
190604 
190605 
190606 
190607 
190608 
190609 
190610 
190611 
190612 
190613 
190614 
190615 
190616 
190617 
190618 
190619 
190620 
190621 
190622 
190623 
190625 
190627 
190628 
190629 
190631 
190633 
190634 
190636 
190638 
190640 
190643 
190644 
190645 
190646 
190647 
190649 
190650 
190651 
190652 
190653 
190654 
190655 
190656 
190657 
190659 
190661 
190662 
190663 
190664 
190665 
190667 
190668 
190669 
190670 
190671 
190673 
190675 
190676 
190677 
92374 
190678 
190679 
190680 
92376 
190681 
92377 
190682 
92378 
190683 
92379 
190684 
92380 
92381 
190686 
92382 
92383 
190688 
92385 
190690 
190716 
190717 
190718 
92414 
190719 
92415 
190720 
92416 
92417 
190722 
92418 
92419 
190724 
92420 
92421 
190726 
190728 
92424 
92425 
92426 
190731 
92427 
92428 
190733 
92429 
92430 
190735 
92431 
92432 
190737 
92433 
190738 
92434 
190739 
190740 
190741 
190742 
190743 
190745 
190747 
190749 
190752 
190754 
190756 
190758 
190759 
190760 
190761 
190763 
190764 
190765 
190766 
190767 
92463 
190768 
92464 
190769 
92465 
190770 
92466 
190771 
92467 
92468 
92469 
92470 
92471 
92472 
92473 
92474 
92475 
92476 
92477 
92478 
92479 
92480 
92481 
92482 
92483 
92484 
190797 
190798 
190799 
190800 
190802 
190803 
190804 
190805 
190807 
190809 
190810 
190811 
190812 
190813 
190814 
190815 
190816 
190817 
92513 
190818 
92514 
190819 
92515 
190820 
92516 
190821 
92517 
190822 
92518 
190823 
92519 
190824 
92520 
190825 
92521 
190826 
92522 
190827 
92523 
190828 
92524 
190829 
92525 
190830 
92526 
190831 
92527 
190832 
92528 
190833 
92529 
190834 
92530 
190835 
92531 
92532 
190837 
92533 
190838 
92534 
190839 
190840 
190841 
190842 
190843 
190844 
190845 
190846 
190847 
190849 
190851 
190852 
190861 
190862 
190863 
190864 
190865 
190866 
190867 
92563 
190868 
92564 
190869 
92565 
190870 
92566 
190871 
92567 
190872 
92568 
190873 
92569 
190874 
92570 
190875 
92571 
190876 
92572 
190877 
92573 
190878 
92574 
190879 
92575 
190880 
92576 
190881 
92577 
92578 
92579 
92580 
92581 
92582 
92583 
92584 
190904 
190905 
190906 
190907 
190908 
190910 
190911 
190913 
190914 
190915 
190916 
92613 
190918 
92614 
190919 
92615 
190920 
92616 
190921 
92617 
190922 
92618 
92619 
92620 
92621 
92622 
92623 
92624 
92625 
92626 
92627 
92628 
92629 
92630 
92631 
92632 
92633 
92634 
92635 
190945 
190946 
190947 
190948 
190949 
190950 
190951 
190953 
190955 
190957 
190959 
190961 
190962 
190963 
190964 
190965 
190967 
92663 
190968 
92664 
190969 
92665 
190970 
92666 
190971 
92667 
92668 
190973 
92669 
190974 
92670 
190975 
92671 
190976 
92672 
190977 
92673 
190978 
190979 
190980 
190981 
190982 
190983 
190984 
190985 
190986 
190987 
190988 
190989 
190990 
190991 
190992 
190993 
190994 
190995 
190996 
190997 
190998 
190999 
191000 
191002 
191004 
191006 
191009 
191010 
191012 
191015 
191016 
191018 
191019 
191020 
191021 
191023 
191024 
191025 
191026 
191027 
191029 
191030 
191031 
191032 
191033 
191034 
191035 
191036 
191037 
191038 
191039 
191040 
191041 
191042 
191066 
191067 
191070 
191072 
191074 
191076 
191080 
191081 
191084 
191086 
191088 
191090 
191120 
191121 
191122 
191123 
191124 
191125 
191126 
191127 
191128 
191129 
191130 
191131 
191132 
191133 
191134 
191135 
191136 
191137 
191138 
191139 
191140 
191142 
191143 
191144 
191145 
191146 
191147 
191148 
191149 
191150 
191151 
191152 
191153 
191154 
191155 
191156 
191157 
191158 
191159 
191160 
191161 
191162 
191173 
191174 
191175 
191176 
191177 
191178 
191180 
191181 
191182 
191184 
191185 
191187 
191188 
191189 
191190 
191191 
191192 
191208 
191209 
191210 
191211 
191212 
191213 
191214 
191216 
191218 
191220 
191223 
191224 
191225 
191227 
191228 
191230 
191231 
191232 
191233 
191234 
191235 
191236 
191237 
191238 
191239 
191240 
191241 
191242 
191244 
191246 
191248 
191251 
191252 
191254 
191258 
191259 
191260 
191262 
191263 
191265 
191266 
191267 
191268 
191269 
191270 
191271 
191272 
191273 
191274 
191275 
191276 
191277 
191278 
191279 
191280 
191281 
191282 
191283 
191284 
191299 
191300 
191303 
191305 
191307 
191309 
191313 
191314 
191317 
191319 
191321 
191323 
191340 
191341 
191342 
191343 
191344 
191345 
191346 
191347 
191348 
191349 
191350 
191351 
191352 
191353 
191354 
191355 
191356 
191357 
191358 
191359 
191360 
191361 
191362 
191363 
191364 
191365 
191366 
191367 
191377 
191378 
191379 
191380 
191381 
191382 
191383 
191384 
191385 
191386 
191388 
191389 
191391 
191392 
191393 
191394 
93090 
191395 
93091 
191396 
93092 
191397 
93093 
93094 
93116 
93117 
93118 
93119 
93120 
93121 
191430 
191431 
191434 
191437 
191438 
191439 
191440 
191441 
191443 
191444 
93140 
191445 
93141 
191446 
93142 
191447 
93143 
191448 
93144 
191449 
93145 
191451 
191452 
191453 
191454 
191455 
191457 
191458 
191459 
191460 
191461 
191462 
191464 
93161 
93162 
93163 
93164 
93165 
93166 
93179 
93180 
93181 
93182 
93183 
93184 
93192 
93193 
93194 
93195 
93196 
93197 
191503 
191504 
191505 
93201 
191506 
93202 
191507 
93203 
191508 
93204 
191509 
93205 
93206 
191511 
93208 
191513 
93209 
93210 
191515 
93211 
93212 
93213 
191518 
191519 
93215 
93216 
191521 
93217 
93218 
93219 
191524 
93220 
191525 
191526 
191527 
93223 
191528 
93224 
93225 
191530 
93226 
191531 
93227 
191532 
191533 
191534 
93230 
191535 
93231 
191536 
93232 
191537 
93233 
191538 
93234 
191539 
191540 
191541 
93237 
191542 
93238 
93239 
191544 
93240 
191545 
93241 
191546 
93242 
191547 
191549 
93245 
93246 
191551 
93247 
191552 
93248 
93249 
93250 
191557 
93253 
93254 
191559 
93255 
191560 
93256 
191561 
93257 
191562 
93258 
191563 
191564 
191565 
93261 
191566 
93262 
191567 
93263 
191568 
93264 
191569 
93265 
191570 
93266 
191571 
191573 
93269 
191574 
93270 
191575 
93271 
191576 
93272 
191577 
93273 
191578 
93274 
191579 
191580 
191581 
93277 
191582 
93278 
93279 
191584 
93280 
93281 
93282 
191588 
191590 
191592 
93289 
93290 
191595 
93291 
93292 
191597 
93293 
93294 
191599 
191602 
191603 
191605 
191608 
191609 
191610 
191611 
93307 
191612 
93308 
191613 
93309 
93310 
191615 
93311 
191616 
93312 
191617 
191618 
191620 
191621 
191622 
191623 
191625 
191626 
191628 
191629 
191630 
191631 
93328 
191633 
93329 
191634 
93330 
93331 
191636 
93332 
191637 
93333 
191638 
191639 
191640 
191641 
191642 
93352 
93353 
93354 
93355 
93356 
93357 
93379 
93380 
93381 
93382 
93383 
93384 
191690 
191691 
191694 
191696 
191697 
191698 
191700 
191701 
191703 
191705 
191707 
191708 
191711 
191712 
93408 
191715 
191717 
93413 
191719 
191721 
191724 
191726 
191728 
191769 
191770 
191771 
191772 
191773 
191775 
191776 
191777 
191778 
191779 
191780 
191781 
191782 
191783 
191784 
191785 
191786 
191787 
191789 
191790 
191791 
191792 
191793 
191794 
191795 
191796 
191797 
191798 
191800 
191802 
191818 
191819 
191820 
191821 
191823 
191824 
191825 
191826 
191827 
191828 
191829 
191830 
191831 
191832 
191833 
191834 
191835 
191836 
191837 
191838 
191839 
191840 
191841 
191842 
191843 
191844 
191845 
191846 
191847 
191848 
191849 
191850 
191851 
191878 
191879 
191880 
191881 
191882 
191884 
191885 
191886 
191887 
191888 
191889 
191890 
191891 
191892 
191896 
191898 
191899 
191900 
191901 
191902 
191903 
191904 
191905 
191906 
191907 
191908 
191909 
191910 
191911 
191912 
191913 
191914 
191915 
191916 
191917 
191918 
191919 
191920 
191921 
191922 
191923 
191924 
191925 
191926 
191927 
191928 
191929 
191930 
191931 
191932 
191933 
191934 
191936 
191938 
191941 
191942 
191943 
191944 
191945 
191948 
191949 
191950 
191953 
192004 
192005 
192006 
192007 
192008 
192009 
192011 
192012 
192013 
192014 
192015 
192016 
192018 
192020 
192022 
192024 
192025 
192026 
192027 
192029 
192030 
192032 
192033 
192034 
192035 
192036 
192037 
192039 
192040 
192041 
192042 
192044 
192045 
192046 
192048 
192050 
192052 
192053 
192054 
192055 
192056 
192057 
192058 
192059 
192060 
192061 
192062 
192063 
192064 
192065 
192066 
192067 
192069 
192071 
192073 
192074 
192075 
192076 
192077 
192078 
192079 
192080 
192081 
192083 
192085 
192087 
192088 
192089 
192090 
192091 
192092 
192093 
192094 
192095 
192096 
192097 
192098 
192099 
192100 
192101 
192102 
93799 
93800 
93801 
192106 
93802 
93803 
192108 
93804 
192109 
93805 
192110 
93806 
192111 
93807 
192112 
93808 
192113 
93809 
192114 
93810 
192115 
192116 
192117 
192118 
192119 
192120 
192121 
192122 
192123 
192124 
192125 
192126 
192127 
192128 
192129 
192130 
192131 
192132 
192133 
192134 
192135 
192136 
192137 
192138 
192139 
192140 
93837 
192141 
192142 
93838 
192143 
93839 
192144 
93840 
192145 
93841 
192146 
93842 
192147 
93843 
192148 
93844 
192149 
93845 
192150 
93846 
192151 
93847 
192152 
93848 
192153 
93849 
192154 
93850 
192155 
93851 
192156 
93852 
192157 
93853 
192158 
93854 
192159 
93855 
192160 
93856 
192161 
93857 
192162 
93858 
192163 
93859 
192164 
192165 
192166 
192167 
192168 
192169 
192170 
192171 
192172 
192173 
192174 
192175 
192176 
192177 
192178 
192179 
192180 
192182 
192185 
192186 
192187 
192188 
192189 
192190 
192191 
192192 
93888 
192193 
93889 
192194 
93890 
192195 
93891 
192196 
93892 
192197 
93893 
192198 
93894 
192199 
93895 
192200 
93896 
192201 
93897 
93898 
192203 
93899 
93900 
93901 
192206 
93902 
192207 
93903 
192208 
93904 
192209 
93905 
192210 
93906 
192211 
93907 
192212 
93908 
192213 
93909 
192214 
192215 
192216 
192217 
192218 
192219 
192220 
192224 
192227 
192228 
192229 
192230 
192231 
192232 
192233 
192234 
192235 
192236 
192237 
192238 
192239 
192240 
192241 
192242 
93938 
192243 
93939 
93940 
192245 
93941 
93942 
93943 
93944 
192249 
93945 
192250 
93946 
192251 
93947 
192252 
93948 
192253 
93949 
192254 
93950 
93951 
192256 
93952 
192257 
93953 
192258 
93954 
93955 
192260 
93956 
93957 
93958 
192263 
93959 
192264 
192265 
192266 
192267 
93988 
93989 
93990 
93991 
93992 
93993 
93994 
93995 
93996 
93997 
93998 
93999 
94000 
94001 
94002 
94003 
94004 
94005 
94006 
192311 
94007 
192312 
94008 
192313 
94009 
192315 
192318 
192319 
192321 
192322 
192324 
192325 
192326 
192327 
192328 
192329 
192330 
192331 
192332 
192334 
192337 
192338 
192339 
192340 
192341 
192342 
94038 
192343 
94039 
192344 
94040 
192345 
94041 
192346 
94042 
192347 
94043 
192348 
94044 
192349 
94045 
192350 
94046 
192351 
94047 
192352 
94048 
192353 
94049 
192354 
94050 
192355 
94051 
192356 
94052 
192357 
94053 
192358 
94054 
192359 
94055 
192360 
94056 
192361 
94057 
192362 
94058 
192363 
94059 
192364 
94060 
192365 
192366 
192367 
192368 
192369 
192370 
192371 
192372 
192373 
192374 
192376 
94088 
94089 
94090 
94091 
94092 
94093 
94094 
94095 
94096 
94097 
94098 
94099 
192412 
192413 
94110 
192414 
192415 
192416 
192417 
192418 
192419 
192420 
192421 
192422 
192423 
192424 
192425 
192426 
192427 
192428 
192429 
192430 
192431 
192432 
192433 
192434 
192435 
192436 
192437 
192438 
192439 
192440 
192441 
192442 
192443 
192444 
192445 
192446 
192447 
192448 
192449 
192450 
192451 
192452 
192454 
192455 
192456 
192457 
192458 
192459 
192475 
192476 
192478 
192482 
192484 
192485 
192486 
192536 
192537 
192538 
192540 
192542 
192543 
192545 
192547 
192549 
192550 
192552 
192554 
192557 
192559 
192561 
192635 
192636 
192637 
192638 
192639 
192643 
192644 
192645 
192647 
192649 
192650 
192651 
192652 
192653 
192656 
192657 
192659 
192664 
192666 
192670 
192671 
192673 
192677 
192679 
192680 
192681 
192684 
192685 
192686 
192687 
192689 
192691 
192693 
192694 
192695 
192698 
192701 
192705 
192706 
192708 
192712 
192714 
192715 
192716 
192785 
192786 
192787 
192788 
192789 
192792 
192794 
192795 
192796 
94514 
94515 
94516 
94517 
94518 
94519 
94541 
94542 
94543 
94544 
94545 
94546 
192858 
192859 
192860 
192862 
192864 
192865 
192866 
192867 
192869 
94565 
94566 
192871 
94567 
192872 
94568 
192873 
94569 
192874 
94570 
192876 
192879 
192880 
192881 
192883 
94586 
94587 
94588 
94589 
94590 
94591 
94604 
94605 
94606 
94607 
94608 
94609 
94617 
94618 
94619 
94620 
94621 
94622 
94627 
94628 
94629 
94630 
94631 
94632 
94635 
94636 
94637 
94638 
94639 
94640 
94643 
94644 
94645 
94646 
94647 
94648 
94651 
94652 
94653 
94654 
94655 
94656 
94659 
94660 
94661 
94662 
94663 
94664 
94667 
94668 
94669 
94670 
94671 
94672 
94676 
94677 
94678 
94679 
94680 
94681 
94684 
94685 
94686 
94687 
94688 
94689 
94692 
94693 
94694 
94695 
94696 
94697 
94700 
94701 
94702 
94703 
94704 
94705 
94708 
94709 
94710 
94711 
94712 
94713 
94721 
94722 
94723 
94724 
94725 
94726 
160270 
160271 
94739 
94740 
94741 
94742 
94743 
94744 
94760 
94761 
94762 
94763 
94764 
94765 
160314 
94784 
94785 
94786 
94787 
94788 
94789 
160344 
160346 
94811 
94812 
94813 
160350 
94814 
94815 
94816 
160372 
160374 
94840 
94845 
160443 
160444 
160450 
160451 
160489 
160492 
160493 
160495 
160497 
160498 
160499 
160502 
160504 
160505 
160509 
160512 
160540 
160542 
160543 
160544 
160545 
160546 
160548 
160550 
160551 
160552 
160553 
160568 
160574 
160580 
160583 
160586 
160587 
160590 
160597 
160604 
160607 
160608 
160614 
160650 
160656 
160664 
160670 
160680 
160681 
160682 
160683 
160684 
160685 
160687 
160689 
160693 
160695 
160697 
160699 
160701 
160702 
160703 
160704 
160705 
160706 
160707 
160709 
160710 
160712 
160713 
160721 
160723 
160728 
160730 
160731 
160733 
160734 
160735 
160737 
160738 
160740 
160741 
160743 
160749 
160751 
160756 
160757 
160759 
160761 
160762 
160765 
160766 
95231 
160768 
95232 
160769 
95233 
160770 
95234 
95235 
95236 
160773 
95237 
160774 
95238 
160775 
95239 
160776 
95240 
95241 
160778 
95242 
160782 
160784 
160788 
160790 
160793 
160794 
160796 
160798 
160801 
160802 
160803 
160804 
95269 
95270 
95271 
95272 
95273 
95274 
95275 
95276 
95277 
95278 
160815 
95279 
95280 
95281 
95282 
95283 
95284 
160821 
95285 
95286 
95287 
95288 
95289 
95290 
95291 
160829 
95320 
95321 
95322 
95323 
95324 
95325 
95326 
95327 
95328 
95329 
160866 
95330 
95331 
160868 
95332 
160869 
95333 
95334 
95335 
160872 
95336 
160873 
95337 
95338 
160875 
95339 
160876 
95340 
95341 
160882 
160883 
160889 
160890 
160893 
160894 
160900 
160906 
95370 
95371 
95372 
160909 
95373 
160910 
95374 
95375 
160912 
95376 
95377 
160914 
95378 
160915 
95379 
160916 
95380 
160917 
95381 
160918 
95382 
160919 
95383 
95384 
160921 
95385 
160922 
95386 
95387 
160924 
95388 
95389 
160926 
95390 
95391 
160928 
160929 
160933 
160940 
160942 
160943 
160944 
160945 
160946 
160948 
160950 
160951 
160952 
160953 
95420 
95421 
95422 
95423 
95424 
95425 
95426 
95427 
95428 
95429 
95430 
95431 
95432 
95433 
95434 
95435 
95436 
95437 
95438 
95439 
160976 
95440 
160977 
95441 
160978 
160979 
160980 
160981 
160982 
160983 
160984 
160985 
160986 
160987 
160988 
160989 
160990 
160992 
160993 
160995 
160996 
95470 
95471 
95472 
95473 
95474 
95475 
95476 
95477 
95478 
95479 
95480 
95481 
95482 
95483 
95484 
95485 
95486 
95487 
161024 
95488 
95489 
95490 
95491 
95492 
161034 
161041 
161042 
161043 
161044 
161045 
161046 
161047 
161051 
95520 
95521 
95522 
95523 
95524 
95525 
95526 
95527 
95528 
95529 
95530 
95531 
161075 
95542 
161083 
161090 
161091 
161092 
161093 
161094 
161095 
161096 
161104 
161111 
161112 
161113 
161114 
161115 
161116 
161117 
161127 
161132 
161133 
161134 
161135 
161137 
161138 
161141 
161142 
161143 
161145 
161146 
161147 
161149 
161151 
161152 
161161 
161169 
161190 
161192 
161210 
161212 
161213 
161214 
161215 
161216 
161217 
161218 
161219 
161221 
161222 
161224 
161225 
161250 
161251 
161252 
161253 
161254 
161255 
161256 
161280 
161281 
161282 
161283 
161284 
161285 
161286 
161287 
161288 
161289 
161290 
161291 
161292 
161293 
161294 
161301 
161302 
161303 
161304 
161305 
161306 
161307 
161332 
161336 
161352 
161353 
161354 
161355 
161356 
161357 
161358 
161359 
161360 
161361 
161362 
161363 
161364 
161365 
161368 
161369 
161372 
161373 
161374 
161375 
161376 
161377 
161378 
161379 
161380 
161381 
161382 
161383 
161384 
161385 
161386 
161387 
161388 
161389 
161390 
161391 
161392 
161393 
161404 
161412 
161433 
161437 
161439 
161443 
161445 
161446 
161447 
161448 
161449 
161450 
161451 
161452 
161453 
161454 
161455 
161456 
161457 
161458 
161482 
161483 
161484 
161485 
161486 
95950 
161487 
95951 
161488 
95952 
95953 
95954 
95955 
161492 
95977 
95978 
95979 
95980 
95981 
161518 
95982 
161519 
161520 
161521 
161522 
161523 
161524 
161525 
161526 
161527 
161528 
161529 
161530 
161531 
96001 
96002 
96003 
161540 
96004 
161541 
96005 
161542 
96006 
161544 
161545 
161556 
96022 
96023 
161560 
96024 
96025 
96026 
96027 
161570 
161574 
96040 
96041 
96042 
96043 
96044 
96045 
96053 
96054 
96055 
96056 
96057 
96058 
161597 
161598 
161599 
96063 
161600 
96064 
161601 
96065 
161602 
96066 
161603 
96067 
161604 
96068 
161605 
161606 
161607 
161608 
96072 
161609 
96073 
161610 
96074 
96075 
96076 
161613 
96077 
161614 
96080 
161617 
96081 
161618 
96082 
161619 
96083 
161620 
96084 
161621 
96085 
161622 
161623 
161624 
96088 
161625 
96089 
161626 
96090 
161627 
96091 
161628 
96092 
161629 
96093 
161630 
161631 
161632 
96096 
161633 
96097 
161634 
96098 
161635 
96099 
161636 
96100 
161637 
96101 
161638 
161639 
161640 
161641 
96105 
161642 
96106 
161643 
96107 
161644 
96108 
161645 
96109 
96110 
96111 
161649 
96113 
96114 
96115 
96116 
96117 
96118 
96121 
96122 
96123 
96124 
96125 
96126 
161663 
96129 
96130 
161667 
96131 
96132 
96133 
96134 
96137 
96138 
96139 
96140 
96141 
96142 
96145 
96146 
96147 
96148 
96149 
96150 
96157 
161694 
96158 
96159 
96160 
96161 
161698 
96162 
161700 
161704 
161706 
161707 
161708 
161709 
161710 
161711 
96175 
161712 
96176 
161713 
96177 
161714 
96178 
161715 
96179 
161716 
96180 
161717 
161718 
161719 
96196 
96197 
96198 
96199 
96200 
161737 
96201 
161741 
161743 
161747 
161756 
96220 
161757 
96221 
161758 
96222 
96223 
161760 
96224 
161761 
96225 
161763 
161764 
161765 
161766 
161767 
161768 
161769 
161770 
161771 
161772 
161773 
161774 
161775 
161776 
96247 
96248 
96249 
96250 
96251 
96252 
161796 
161797 
161798 
161799 
161800 
161801 
161802 
161803 
161804 
161805 
161806 
161807 
161808 
161809 
161810 
161811 
161812 
96276 
161813 
161814 
161815 
161816 
161817 
96281 
161818 
161819 
161820 
161821 
161822 
161823 
161831 
161832 
161833 
161834 
161835 
161836 
161880 
161884 
161899 
161900 
161901 
161902 
161903 
161905 
161906 
161907 
161908 
161909 
161910 
161911 
161912 
161913 
161915 
161916 
161919 
161920 
161921 
161922 
161923 
161924 
161925 
161926 
161927 
161928 
161929 
161930 
161931 
161932 
161933 
161934 
161935 
161936 
161937 
161938 
161939 
161940 
161955 
161956 
161957 
161958 
161959 
161960 
161961 
161962 
161963 
161964 
161965 
161966 
161967 
161968 
161969 
161970 
161971 
161972 
161973 
161974 
161975 
161976 
161977 
161978 
161979 
161980 
161981 
161982 
161997 
161998 
161999 
162000 
162001 
162002 
162003 
162004 
162005 
162006 
162007 
162008 
162009 
162010 
162011 
162012 
162013 
162014 
162015 
162016 
162017 
162018 
162019 
162020 
162021 
162022 
162023 
162024 
162034 
162053 
162057 
162073 
162077 
162079 
162080 
162081 
162082 
162083 
162084 
162085 
162086 
162087 
162088 
162089 
162090 
162091 
162092 
162093 
162094 
162095 
162096 
162097 
162098 
162099 
162100 
162101 
162102 
162103 
162104 
162105 
162106 
162119 
162120 
162121 
162122 
162123 
162124 
162125 
162126 
162127 
162128 
162129 
162130 
162131 
162132 
162135 
162136 
162137 
162138 
162139 
162140 
162141 
162143 
162144 
162145 
162146 
162148 
162163 
162165 
162171 
162191 
162192 
162198 
96667 
96668 
96669 
162206 
96670 
96671 
96672 
162209 
96673 
96674 
96675 
162212 
96676 
162213 
96677 
96678 
162217 
162218 
162219 
162222 
96705 
96706 
96707 
162244 
96708 
162245 
96709 
96710 
96711 
96712 
96713 
96714 
162251 
96715 
162252 
96716 
96717 
96718 
96719 
96720 
162257 
96721 
162258 
96722 
162259 
96723 
162260 
96724 
162261 
96725 
162262 
96726 
162263 
96727 
162267 
162271 
162275 
162277 
162278 
162279 
162280 
162281 
162282 
162283 
162284 
96756 
96757 
96758 
96759 
162296 
96760 
96761 
96762 
162299 
96763 
162300 
96764 
162301 
96765 
162302 
96766 
162303 
96767 
162304 
96768 
162305 
96769 
96770 
96771 
96772 
96773 
96774 
96775 
96776 
96777 
162319 
162323 
162325 
162329 
162331 
162333 
162335 
162336 
162337 
162338 
162339 
162340 
162341 
96806 
96807 
96808 
96809 
96810 
96811 
96812 
96813 
162350 
96814 
162351 
96815 
96816 
96817 
162354 
96818 
96819 
162356 
96820 
162357 
96821 
162358 
96822 
162359 
96823 
162360 
96824 
96825 
162362 
96826 
96827 
96856 
96857 
96858 
96859 
96860 
96861 
96862 
96863 
96864 
162401 
96865 
162402 
96866 
96867 
96868 
96869 
96870 
96871 
96872 
96873 
96874 
96875 
96876 
96877 
162419 
162422 
162423 
162424 
162425 
162426 
162427 
162428 
162429 
162430 
162432 
162433 
162434 
162435 
162436 
162437 
162441 
96906 
162443 
96907 
96908 
96909 
96910 
96911 
96912 
162449 
96913 
96914 
96915 
96916 
96917 
96918 
96919 
96920 
96921 
96922 
96923 
96924 
96925 
96926 
96927 
96928 
162466 
162469 
162473 
162474 
162476 
162489 
162490 
162491 
96956 
96957 
96958 
96959 
96960 
162497 
96961 
162498 
96962 
96963 
96964 
96965 
96966 
96967 
96978 
162519 
162520 
162521 
162526 
162527 
162528 
162558 
162565 
162591 
162593 
162614 
162615 
162616 
162618 
162619 
162620 
162621 
162626 
162627 
162628 
162634 
162640 
162642 
162649 
162651 
162654 
162655 
162656 
162661 
162662 
162663 
162669 
162670 
162671 
162672 
162674 
195442 
195443 
162675 
195444 
162676 
195445 
162677 
195446 
195447 
195448 
195449 
195450 
162682 
195451 
162683 
195452 
162684 
195453 
195454 
195455 
162690 
162696 
162698 
195470 
195471 
195472 
162704 
195473 
162705 
195474 
195475 
162707 
195476 
162710 
162711 
162712 
162717 
162718 
195490 
195491 
195492 
195493 
195494 
195495 
195496 
195497 
162731 
162733 
195501 
195504 
195508 
195518 
195519 
195521 
195523 
195528 
195529 
195532 
195535 
195536 
195537 
195538 
195539 
195540 
195541 
162777 
195545 
162778 
195546 
195547 
195548 
195549 
195550 
162783 
195551 
162791 
162793 
162794 
162795 
162798 
162799 
162800 
162801 
162802 
162804 
162811 
162812 
162813 
195584 
195585 
195586 
162818 
195587 
162819 
195588 
162820 
195589 
195590 
195598 
195599 
195600 
195601 
195602 
195603 
162835 
195604 
195605 
162837 
195606 
195607 
195608 
195609 
195610 
162842 
195611 
162843 
195612 
162844 
195613 
195614 
195615 
195616 
195617 
195618 
162860 
162861 
97382 
97383 
97384 
97385 
97386 
97387 
97409 
97410 
97411 
97412 
97413 
97414 
97433 
97434 
97435 
97436 
97437 
97438 
97454 
97455 
97456 
97457 
97458 
97459 
97472 
97473 
97474 
97475 
97476 
97477 
97485 
97486 
97487 
97488 
97489 
97490 
97495 
97496 
97497 
97498 
97499 
97500 
97503 
97504 
97505 
97506 
97507 
97508 
97511 
97512 
97513 
97514 
97515 
97516 
97519 
97520 
97521 
97522 
97523 
97524 
97527 
97528 
97529 
97530 
97531 
97532 
130301 
130303 
97535 
97536 
97537 
195842 
97538 
195843 
97539 
195845 
97542 
195847 
97543 
97544 
195849 
97545 
97546 
97548 
195853 
97549 
97550 
97551 
195856 
97552 
195857 
97553 
195859 
97555 
97556 
195861 
97557 
97558 
97559 
97562 
97563 
97564 
97565 
97566 
97569 
97570 
97571 
97572 
97573 
130343 
130345 
97580 
97581 
97582 
97583 
97584 
97585 
97598 
97599 
97600 
97601 
97602 
97603 
97619 
97620 
97621 
97622 
97623 
97624 
97643 
97644 
97645 
97646 
97647 
97648 
97671 
97672 
97673 
97674 
97675 
97700 
97704 
130481 
130482 
130488 
130489 
130498 
130500 
130501 
130502 
130503 
130504 
130506 
130507 
130508 
130509 
130510 
130511 
130513 
130514 
130515 
130516 
130517 
130518 
130520 
130522 
130523 
130524 
130525 
130556 
130557 
130559 
130560 
130561 
130562 
130563 
130565 
130566 
130567 
130568 
130569 
130570 
130571 
130572 
130573 
130574 
130575 
130576 
130578 
130579 
130580 
130581 
130582 
130583 
130605 
130625 
130627 
130628 
130629 
130630 
130631 
130632 
130633 
130634 
130635 
130636 
130637 
130638 
130639 
130641 
130642 
130643 
130644 
130645 
130646 
130647 
130648 
130649 
130650 
130651 
130652 
130653 
130654 
130655 
130656 
130657 
130658 
130659 
130660 
130661 
130662 
130663 
130664 
130665 
130666 
130667 
130668 
130669 
130670 
130671 
130672 
130673 
130674 
130675 
130676 
130678 
130679 
130680 
130681 
130682 
130683 
130684 
130685 
130686 
130687 
130688 
130689 
130690 
130691 
130692 
130693 
130694 
130695 
130696 
130697 
130698 
130699 
130700 
130701 
130702 
130704 
130706 
130707 
130708 
130709 
130710 
130711 
130713 
130714 
130715 
130716 
130717 
130719 
130720 
130721 
130722 
130723 
130724 
130727 
130728 
130729 
130730 
130734 
130735 
130736 
130737 
130739 
196284 
196289 
130773 
130775 
130776 
130777 
130778 
130779 
130780 
130781 
130782 
130783 
130784 
130785 
130786 
130787 
130788 
130789 
130790 
130791 
130792 
130793 
130794 
130795 
130797 
130798 
130799 
130800 
130828 
130829 
130830 
130831 
130832 
130833 
130834 
130835 
130836 
130837 
130838 
130839 
130840 
130841 
130842 
130843 
130844 
130845 
130846 
98079 
130847 
130848 
130849 
98081 
130851 
130852 
130853 
98085 
130854 
98086 
130855 
98087 
130856 
98088 
98090 
130860 
130870 
130872 
130874 
130875 
130876 
130877 
130878 
130879 
130880 
130881 
130882 
130883 
196421 
130885 
196423 
130887 
98119 
98120 
130889 
98121 
130890 
98122 
196429 
196430 
98126 
98129 
98130 
196435 
98131 
98132 
98133 
98134 
98135 
98136 
98137 
98138 
196443 
98139 
130909 
130911 
130912 
130913 
130914 
130915 
130916 
130917 
130918 
130919 
130920 
130921 
130922 
130923 
130924 
130925 
130926 
130927 
130928 
130929 
130931 
130933 
130934 
130935 
130936 
98168 
130937 
98169 
98170 
98171 
196476 
130940 
98172 
130941 
98173 
130942 
196478 
98174 
130943 
98175 
130944 
98176 
98177 
98178 
196483 
130947 
98179 
196484 
130948 
98180 
130949 
98181 
130950 
98182 
98183 
98184 
98185 
98186 
98187 
98188 
98189 
130959 
130979 
130981 
130982 
130983 
130984 
130985 
130986 
98218 
98219 
196524 
130988 
98220 
196525 
130989 
98221 
130990 
98222 
130991 
98223 
130992 
98224 
130993 
98225 
196530 
98226 
196531 
130995 
98227 
196532 
98228 
130997 
98229 
98230 
130999 
98231 
98232 
131001 
196537 
98233 
196538 
98234 
131003 
98235 
131004 
98236 
131005 
98237 
131006 
98238 
131007 
98239 
196544 
131009 
196546 
131010 
131011 
131012 
131013 
131014 
131015 
131016 
131017 
131018 
131019 
131020 
131021 
131022 
131023 
131024 
131025 
131026 
131027 
131028 
131029 
131030 
131031 
131032 
131033 
131034 
131035 
131036 
98268 
131037 
98269 
131038 
98270 
131039 
98271 
131040 
98272 
131041 
98273 
131042 
98274 
131043 
98275 
131044 
98276 
131045 
98277 
131046 
98278 
131047 
98279 
131048 
98280 
131049 
98281 
131050 
98282 
131051 
98283 
131052 
98284 
131053 
98285 
131054 
98286 
131055 
98287 
131056 
98288 
131057 
98289 
196594 
131058 
196595 
131059 
196596 
131060 
131061 
131062 
131063 
131064 
131065 
196602 
131066 
196603 
131067 
131068 
131069 
131070 
131071 
)

// ************************************************************************* //
